# R script for Peak Model
#  -- generated by MACS
p <- c(0.03182762722548221,0.03705442104338489,0.04229164758347899,0.04740368145727602,0.052635691636274407,0.05262004255298727,0.052737410677640775,0.05262004255298727,0.05270611251106651,0.05274523521928434,0.052839129719007144,0.05285477880229428,0.053152111384749824,0.05333990038419543,0.05343901124501394,0.05341553762008324,0.053193842273515514,0.05330338585652545,0.05338163127296112,0.05334511674529114,0.05333990038419543,0.053394672175700396,0.05341032125898753,0.0534650930504925,0.05336859037022184,0.05361375934172027,0.05370765384144307,0.0536763556748688,0.0536998292997995,0.05370243748034736,0.05375460109130447,0.053924132826915085,0.05380937288280944,0.05363984114719882,0.0536763556748688,0.0535120403003539,0.0535589875502153,0.05343379488391823,0.053204274995706936,0.05326165496775976,0.053329467662004006,0.05342597034227466,0.05317819319022838,0.05345205214775322,0.05355116300857173,0.05352247302254532,0.053858928313218694,0.054051933673760016,0.054130179090195685,0.053999770062802904,0.053900659201984384,0.05359811025843313,0.053840671049383705,0.05396847189622864,0.05405715003485573,0.0542292899510142,0.05400237824335076,0.05401020278499433,0.05416930179841352,0.05420320814553564,0.054213640867727064,0.054427511672651224,0.05437795624224197,0.05427102083977989,0.054367523520050545,0.05434144171457199,0.05435969897840698,0.05450314890853904,0.05460747613045326,0.05463877429702753,0.05471962789401105,0.05464920701921895,0.054521406172374026,0.05454748797785258,0.054659639741410374,0.054641382477575384,0.05478483240770744,0.05497262140715305,0.05509259771235441,0.05537167303097496,0.05580723918246685,0.05616195173697522,0.0565036233887443,0.056597517888467105,0.05649840702764859,0.05665228967997207,0.05685572776270481,0.05692614863749691,0.05704612494269827,0.057072206748176826,0.05691049955420978,0.05684268685996553,0.05695744680407118,0.05723652212269174,0.057492123816381586,0.057747725510071436,0.05740866203885021,0.05733041662241454,0.05711654581749038,0.0571504521646125,0.05739040477501522,0.05761992466322651,0.057552111968982265,0.05745300110816375,0.05748429927473802,0.05723391394214388,0.05751820562186014,0.05758080195500868,0.05781553820431568,0.05813634441170192,0.05817025075882405,0.058099829884031944,0.05855104511881097,0.05853278785497598,0.05868667050729946,0.05894488038153717,0.059161359367009184,0.059302201116593393,0.059693428198771735,0.0595838846157618,0.05972211818479815,0.05970646910151101,0.0595838846157618,0.059724726365346,0.05990990718424375,0.05999858532287084,0.06002727530889725,0.060055965294923665,0.0600011935034187,0.060055965294923665,0.06005335711437581,0.06029591790532639,0.06026983609984783,0.060666279543121884,0.06057499322394694,0.060778431306679676,0.061253120166389396,0.06125051198584154,0.061430476443643585,0.06144351734638286,0.061555669109940654,0.06167825359568987,0.06206948067786821,0.0619938434419804,0.0622051060663567,0.062262486038409524,0.06200166798362396,0.06244766685730728,0.0627580403425021,0.06309188745262762,0.0631101447164626,0.06321708011892468,0.06321708011892468,0.06339704457672672,0.06338400367398744,0.06340747729891814,0.06349876361809309,0.06358483357617233,0.06332662370193462,0.06336835459070031,0.06347789817371025,0.06374914895068723,0.06381174528383576,0.06378566347835721,0.06386390889479288,0.06397606065835068,0.06424470325477981,0.064150808755057,0.06426817687971051,0.06428382596299764,0.06427600142135408,0.06418732328272699,0.0642629605186148,0.06448204768463467,0.06453942765668749,0.06464375487860172,0.06478720480873378,0.06494369564160511,0.06496456108598796,0.06515495826598142,0.06546011539008052,0.06550445445939407,0.06548358901501122,0.06536622089035772,0.06543142540405411,0.06549402173720265,0.06530623273775704,0.06508192921064146,0.06506367194680647,0.06486023386407373,0.06473764937832452,0.06464375487860172,0.06466722850353242,0.06452377857340036,0.06464114669805386,0.06457333400380962,0.06451073767066108,0.06478720480873378,0.064656795781341,0.0648445847807866,0.06483676023914303,0.06491239747503084,0.06498803471091866,0.06499846743311008,0.06505845558571076,0.06506106376625861,0.06513148464105072,0.06515756644652927,0.0654027354180277,0.06525928548789564,0.06540795177912341,0.06558269987582974,0.06565312075062184,0.06588264063883313,0.06565312075062184,0.0656557289311697,0.06560617350076044,0.06544185812624553,0.06555661807035118,0.0657026761810311,0.06560356532021258,0.06540012723747984,0.06548619719555908,0.06525146094625207,0.0655201035426812,0.06547837265391551,0.06553053626487262,0.06576266433363177,0.0657078925421268,0.06555661807035118,0.0658200443056846,0.06600522512458235,0.06598175149965164,0.06655815940072775,0.06661032301168486,0.06683984289989615,0.06694156194126252,0.06687896560811399,0.06692069649687968,0.06727280087084019,0.06733539720398872,0.06731713994015373,0.06746841441192936,0.06737973627330227,0.06731974812070159,0.06754405164781717,0.06771097520287993,0.06807351229903186,0.06825869311792962,0.06825869311792962,0.06845169847847093,0.06883510101900571,0.06909852725433913,0.06928109989268902,0.06944802344775178,0.0697166660441809,0.07006094587649785,0.06998270046006218,0.07022004488991705,0.07039479298662338,0.07055910836113828,0.0706399619581218,0.07081731823537599,0.07096598452660376,0.07111725899837938,0.07129983163672927,0.0711746389704322,0.07125810074796358,0.07134156252549496,0.0716154214830198,0.07181364320465683,0.07191797042657105,0.0720327303706767,0.07218922120354804,0.0726508691605185,0.07292472811804333,0.07315424800625463,0.07339420061665734,0.07351939328295441,0.07387149765691492,0.07421838566977972,0.07434097015552893,0.07450528553004385,0.07456527368264453,0.07471654815442015,0.07503996254235425,0.07543901416617615,0.07601542206725224,0.07646142094093555,0.07677179442613039,0.07677440260667824,0.07734298596611076,0.07766640035404486,0.07834452729648732,0.07909046693317404,0.07927564775207178,0.07951038400137879,0.07976337751452078,0.08033456905450116,0.0807205797755838,0.0811378886632407,0.08163344296733327,0.08193338373033666,0.08235851715963713,0.08261411885332698,0.08312532224070669,0.08406165905738686,0.08450765793107017,0.08491714227708351,0.08542834566446321,0.08592389996855578,0.08653682239730184,0.08723581478412716,0.08775745089369828,0.08834689969751365,0.08865988136325632,0.08883462945996265,0.08962751634651077,0.08985703623472206,0.09044648503853743,0.09095247206482142,0.09117416741138916,0.09182621254835306,0.09225395415820138,0.09238436318559416,0.09281210479544248,0.09330765909953506,0.09368323709842627,0.09440570311018227,0.09466130480387212,0.09493777194194482,0.0951386018441297,0.09534725628795815,0.09544636714877668,0.09567849521753582,0.0958089042449286,0.09600973414711349,0.09636444670162185,0.09628359310463833,0.09640356940983968,0.09653137025668461,0.0968547846446187,0.09695911186653293,0.09692259733886295,0.09714950904652639,0.09735555530980698,0.09771287604486321,0.09745205799007765,0.09769201060048037,0.09805715587718015,0.09825798577936504,0.09831536575141786,0.09855271018127272,0.09904304812426958,0.09927517619302872,0.10001329128807188,0.10013587577382109,0.10046972288394661,0.10053231921709514,0.10067837732777506,0.10089746449379493,0.10131738156199968,0.101257393409399,0.10124956886775544,0.10127304249268614,0.10106438804885769,0.10120522979844189,0.10121305434008546,0.10147387239487102,0.10129912429816469,0.10143735786720104,0.10133563882583467,0.10140084333953106,0.10141127606172248,0.10154429326966312,0.10136172063131323,0.10135650427021752,0.10141388424227034,0.10130694883980826,0.10156255053349811,0.101492129658706,0.10193552035184147,0.10211809299019137,0.1022980574479934,0.10219894658717489,0.10209983572635638,0.10222502839265345,0.10224328565648844,0.10252236097510899,0.10228240836470627,0.1023215310729241,0.10196421033786789,0.10194073671293719,0.10181815222718797,0.10199550850444215,0.10204506393485141,0.10184162585211867,