# R script for Peak Model
#  -- generated by MACS
p <- c(0.022429023844489405,0.026140228421102394,0.029907050504994325,0.03388117420692595,0.03789574700506043,0.038269901144936946,0.038451922077849844,0.038724953477219194,0.03856315709240773,0.0386036061886106,0.038815963943675647,0.039058658520892846,0.03914461285032393,0.03910921989114643,0.03890191827310674,0.03881090780665029,0.03916989353545072,0.03909910761709571,0.03915978126140001,0.03927607241298325,0.039508654716149734,0.03988280885602625,0.0400698859259645,0.0398878649930516,0.039973819322482694,0.04022662617375061,0.0401912332145731,0.040540106669322826,0.040772688972489306,0.040706959191159645,0.040504713710145315,0.04017606480349702,0.040246850721852044,0.040540106669322826,0.04064628554685535,0.0407979696576161,0.04069179078008357,0.040519882121221394,0.040514825984196035,0.040570443491474976,0.040757520561413234,0.04073223987628644,0.040529994395272106,0.040742352150337155,0.040772688972489306,0.0403125805031817,0.04012044729621809,0.0403125805031817,0.040251906858877404,0.03990808954115304,0.0401305595702688,0.04014067184431952,0.040256962995902756,0.040034492966786996,0.03986258430792481,0.040272131406978835,0.04037831028451136,0.040479433025018524,0.040540106669322826,0.04092437308325005,0.04092437308325005,0.04108616946806152,0.04142493064876052,0.04160695158167343,0.042001330269651374,0.042001330269651374,0.042238968709843214,0.04239065282060396,0.04221368802471642,0.042471551013009694,0.04264851580889723,0.04306817518200197,0.042759750823455116,0.042936715619342654,0.042992333126621596,0.042992333126621596,0.04306817518200197,0.04292154720826658,0.04306817518200197,0.04298727698959624,0.042790087645607267,0.04233503531332502,0.04247660715003505,0.042491775561111125,0.04236537213547717,0.0423502037244011,0.042254137120919286,0.042471551013009694,0.04251200010921256,0.04255244920541543,0.04288615424908907,0.043214803155737364,0.04336648726649811,0.04331086975921917,0.04367491162504497,0.04392771847631288,0.04426142351998653,0.04412996395732721,0.04438277080859513,0.04437265853454441,0.044256367382961175,0.04416535691650472,0.044691195167141984,0.04485804768897881,0.04493894588138454,0.04486815996302953,0.04488838451113096,0.045434447309869654,0.04547995254309788,0.045752983942467226,0.04605635216398873,0.046243429233926985,0.046197924000698755,0.046476011537093465,0.04657713427760063,0.04688050249912213,0.04709791639121254,0.04682994112886855,0.04705746729500967,0.047234432090897206,0.04729004959817615,0.04731027414627759,0.047229375953871854,0.04729004959817615,0.04732544255735366,0.04755802486052014,0.04739117233868331,0.04742656529786082,0.04759341781969765,0.04763892305292587,0.04779566330071198,0.04810408765925884,0.04836195064755211,0.048488354073186066,0.048528803169388936,0.04858947681369323,0.048725992513377905,0.04881700297983436,0.04889284503521473,0.048958574816544385,0.048902957309265443,0.04883722752793579,0.048943406405468314,0.04868048728014968,0.04913048347540657,0.04902430459787405,0.04910014665325442,0.0496360971779424,0.0494540762450295,0.04975238832952564,0.05008609337319929,0.05016193542857966,0.05034395636149256,0.05057653866465904,0.05042485455389829,0.05049564047225331,0.05054114570548154,0.0506422684459887,0.05082934551592696,0.050920355982383404,0.050753503460546585,0.05093552439345948,0.050687773679216924,0.050743391186495866,0.05085462620105375,0.050991141900738425,0.051259117163082416,0.05093552439345948,0.05117821897067668,0.05136023990358958,0.05139057672574173,0.05179506768777039,0.05187090974315077,0.05206304295011438,0.051941695661505784,0.052255176157078,0.05191135883935363,0.05209337977226653,0.052265288431128716,0.05212371659441868,0.05218439023872298,0.051961920209607215,0.0523158498013823,0.05252820755644735,0.05269000394125881,0.05269000394125881,0.053246179014048226,0.05382257863493907,0.053923701375446234,0.05429785551532275,0.054495044859311725,0.05441414666690599,0.05433830461152562,0.05402988025297876,0.05415122754158736,0.0536607822501276,0.05360516474284866,0.053514154276392216,0.05387819614221801,0.053782129538736206,0.053741680442533336,0.05386808386816729,0.0542675186931706,0.05477818853273179,0.05477818853273179,0.05529391450931834,0.05556188977166232,0.055506272264383386,0.05531919519444513,0.05541526179792693,0.05556694590868768,0.05564784410109341,0.05529391450931834,0.05515739880963366,0.05542537407197765,0.05582986503400631,0.05588548254128525,0.05606750347419815,0.05632031032546607,0.056178738488756035,0.056684352191291865,0.05707873087926981,0.05732142545648701,0.05757928844478028,0.057488277978323836,0.057730972555541035,0.05800400395491038,0.05808490214731611,0.05805456532516397,0.058433775602065835,0.058191081024848636,0.058191081024848636,0.05810512669541755,0.058170856476747204,0.05857534743877587,0.05861074039795338,0.058666357905232315,0.05837310195776154,0.05847928083529406,0.0585955719868773,0.05902534363403276,0.05942983459606142,0.05985455010619152,0.060253984931194826,0.06007196399828192,0.059955672846698685,0.06014274991663694,0.060688812715375635,0.06067870044132492,0.06097701252582106,0.06079499159290816,0.06106296685525215,0.061432064858103305,0.061457345543230096,0.0617961067239291,0.061937678560639135,0.06216520472678026,0.06224610291918599,0.06279216571792469,0.06295901823976151,0.06330789169451123,0.06324216191318158,0.06343429512014519,0.06382361767109779,0.06414215430369535,0.06430395068850682,0.06473877847268764,0.06542641310813636,0.06565899541130284,0.06616966525086403,0.06633146163567549,0.06669044736447594,0.06666516667934914,0.06705448923030173,0.06725673471131606,0.06785335888030834,0.06789886411353657,0.06817189551290592,0.06795448162081551,0.0677016747695476,0.06818200778695663,0.06857638647493458,0.06899604584803933,0.06923874042525652,0.07009828371956743,0.07005783462336457,0.07014884508982101,0.07034097829678462,0.07110445498761372,0.07131175660565342,0.07169602301958065,0.07163029323825099,0.07213085080376146,0.07237860151800402,0.07217129989996433,0.07245444357338439,0.07268196973952552,0.07322297640123886,0.07362746736326752,0.07426454062846266,0.07471959296074492,0.07567014672151227,0.07597351494303377,0.07647912864556959,0.07786451019051777,0.07853192027786507,0.07972516861584962,0.07996786319306683,0.08042797166237443,0.08157571476713076,0.08223301258042734,0.08275379469403925,0.08287514198264784,0.08314311724499183,0.08282963674941962,0.0830976120117636,0.08300154540828181,0.08313300497094112,0.08357288889214728,0.08344142932948798,0.08395209916904917,0.08430602876082424,0.08529703161779446,0.08585826282760924,0.08655095360008333,0.08717791459122776,0.087971728104209,0.08850262249187163,0.08855823999915056,0.08856835227320128,0.08868464342478452,0.08821947881845156,0.0883357699700348,0.08838127520326303,0.08876554161719026,0.08950373762289257,0.0894278955675122,0.08974643220010976,0.09028238272479774,0.09102057873050005,0.09125316103366654,0.09200652545044492,0.09189529043588704,0.0923250620830425,0.09228966912386499,0.0923857357273468,0.09279528282640082,0.09308348263684625,0.09346269291374812,0.0938520154647007,0.09417560823432364,0.09457504305932694,0.09520706018749672,0.09559638273844932,0.09536885657230819,0.0951868356393953,0.09513627426914172,0.09560143887547468,0.09606154734478228,0.09646098216978559,0.09687052926883961,0.09700704496852429,0.09711827998308216,0.09709805543498073,0.09760872527454192,0.09797276714036772,0.09810422670302703,0.0981699564843567,0.098301416047016,0.09789692508498735,0.09797276714036772,0.09785647598878448,0.0983620896913203,0.09885253498278006,0.09928230662993552,0.0995502818922795,0.10025814107582967,0.1006676881748837,0.10049577951602151,0.10093060730020233,0.10050589179007223,0.10114802119229273,0.10079409160051765,0.10081431614861908,0.10070813727108656,0.10077386705241621,0.10070813727108656,0.10073341795621335,0.1006070145305794,0.10080926001159372,0.10158284897647354,0.1018659926498936,0.10187104878691897,0.10184576810179218,