# R script for Peak Model
#  -- generated by MACS
p <- c(0.02397033800818379,0.02783977992976419,0.03186850610715262,0.035737948028733015,0.03956854013182365,0.03966954965989703,0.03960738995031341,0.03958796504106853,0.039867683734194824,0.03982106395200711,0.040069702790341596,0.040465970938937175,0.04039992624750458,0.0405436705759167,0.04086223908753276,0.041033178288887716,0.04091662883341843,0.04102929330703874,0.04093216876081433,0.0412002325083937,0.04116526767175291,0.041068143125528506,0.04130512701831606,0.04146052629227511,0.04139059661899354,0.041557650838499514,0.04189564425936045,0.042000538769282815,0.0421170882247521,0.04170528014876062,0.04166254534842188,0.04149160614706692,0.04161981054808314,0.041658660366572904,0.04161592556623416,0.04156542080219747,0.04158484571144235,0.041476066219671016,0.04163923545732802,0.04194614902339715,0.04207046844256439,0.042315222299049896,0.04229968237165399,0.04251335637334769,0.04276199521168217,0.042567746119233356,0.04248227651855588,0.04264156077436391,0.04268818055655162,0.04287077470345351,0.04282415492126579,0.042816384957567837,0.042602710955874146,0.04246673659115997,0.04222975269837242,0.04249781644595178,0.04263767579251493,0.042653215719910834,0.042501701427800756,0.042493931464102803,0.04249781644595178,0.0425444362281395,0.04314272343288185,0.043379707325669405,0.043911949838979156,0.043663311000644675,0.04387698500233837,0.044164473659162616,0.04426936816908498,0.044230518350595216,0.04412950882252183,0.04430433300572576,0.044005189403354586,0.04393137474822404,0.04380317034720782,0.04422274838689726,0.044187783550256474,0.04406346413108923,0.0441178538769749,0.044199438495803406,0.04443642238859096,0.04436649271530938,0.04458793668070103,0.04454131689851332,0.04452966195296639,0.04463844144473773,0.044723911045415204,0.04502693962963536,0.04532996821385551,0.04556695210664306,0.04587386567271219,0.046320638585344465,0.04614192942029156,0.0464294180771158,0.04639056825862604,0.04668971186099721,0.046918925790086816,0.04691115582638886,0.04702770528185815,0.04676741149797674,0.04694223568118067,0.04689950088084194,0.04726080419279673,0.04743562837600066,0.047758081869465695,0.047695922159882075,0.047633762450298454,0.04770757710542901,0.047521097976678146,0.04790959616157577,0.04781635659720034,0.04773477197837184,0.047917366125273725,0.04772311703282491,0.04803391558074301,0.0477736217968616,0.047983410816706325,0.04819708481840002,0.04850788336631812,0.04872155736801182,0.04890026653306473,0.04909451562551355,0.04884587678717906,0.04915279035324819,0.048853646750877014,0.049044010861476854,0.04915667533509717,0.049354809409394955,0.04945970391931732,0.04952963359259889,0.04961898817512535,0.04991036181379857,0.05002691126926786,0.05035324974458187,0.050889377239740595,0.05121183073320563,0.05127787542463823,0.05138665491640956,0.051763498155760264,0.051798462992401054,0.05160421389995224,0.05161198386365019,0.051934437357115226,0.051794578010552074,0.05219473114099664,0.05248221979782088,0.05281632823683285,0.05275028354540025,0.05237344030604955,0.05279690332758796,0.053243676240220236,0.053216481367277406,0.05335245573199157,0.05345346526006496,0.05322425133097536,0.05293676267415111,0.052808558273134895,0.053173746566938664,0.053713759043946374,0.0538730432997544,0.05401290264631754,0.054090602283297075,0.05412945210178684,0.05435478104902746,0.05444025064970494,0.054801553961659734,0.05481709388905564,0.05481709388905564,0.05465003966954966,0.054467445522647776,0.054273196430198956,0.05459564992366399,0.054778244070565876,0.05474327923392509,0.05504242283629627,0.055120122473275794,0.05535710636606335,0.05526386680168792,0.0554464609485898,0.05543869098489185,0.05566790491398145,0.0557261796417161,0.05569898476877326,0.055842729097185385,0.05590100382492003,0.05611079284476475,0.056312811900911516,0.0563322368101564,0.056250652191327896,0.05648763608411545,0.05669742510396017,0.05675181484984584,0.05703930350667009,0.05710923317995166,0.05688390423271104,0.057062613397763945,0.05688778921456001,0.057280172381306615,0.057629820747714486,0.05783572478571023,0.057820184858314326,0.05779687496722047,0.057882344567897946,0.05790953944084078,0.05795615922302849,0.05766867056620425,0.0577424852213348,0.05780464493091842,0.058061053732950854,0.05792896435008566,0.05822422297060786,0.05854667646407289,0.0587914303205584,0.05893517464897052,0.059385832543451776,0.0596111614906924,0.05993749996600641,0.059906420111214595,0.06011232414921034,0.06029491829611223,0.060190023786189865,0.060380387896789706,0.06039204284233664,0.06058629193478545,0.06020944869543475,0.06014728898585113,0.060100669203663415,0.06011620913105932,0.05992196003861051,0.060127864076606245,0.060221103640981676,0.060256068477622465,0.06014728898585113,0.060190023786189865,0.06056298204369159,0.060943710264891274,0.060982560083381036,0.06115349928473599,0.06108745459330339,0.0612506238309604,0.061541997469633625,0.06174013154393141,0.062159709583620854,0.06250158798633076,0.0624316583130492,0.06258705758700825,0.06281627151609785,0.06325138948318319,0.0638263667968317,0.06371758730506036,0.0638419067242276,0.0640050759618846,0.06384967668792554,0.06384967668792554,0.06423817487282317,0.06433141443719861,0.06472379760394521,0.06463444302141876,0.06491027673269607,0.0654464042278548,0.06577274270316881,0.06607577128738897,0.06649146434522943,0.0668255727842414,0.06726457573317572,0.06775408344614674,0.06811150177625255,0.0687913735998234,0.06893511792823553,0.06920706665766387,0.06914879192992922,0.06914490694808025,0.06927699633094545,0.06978592895316134,0.06979758389870827,0.07023658684764258,0.07035702128496085,0.07044249088563834,0.070496880631524,0.07092811361676037,0.07137100154754367,0.07173618984134744,0.07223735249986539,0.07241606166491829,0.07299880894226474,0.07299103897856679,0.07319694301656253,0.07360486611070505,0.0740710639325822,0.07414487858771275,0.07448287200857369,0.07496849473969573,0.07513166397735273,0.07506950426776911,0.07545411747081776,0.07585038561941335,0.07638651311457208,0.07649917758819239,0.0771207746840286,0.07774625676171379,0.0783173490935133,0.07877577695169251,0.07923031982802273,0.08032976969128303,0.08059006347516444,0.08104460635149467,0.08132821002646994,0.08192261224936331,0.08222175585173448,0.08264910385512188,0.08298321229413384,0.08327458593280707,0.08360092440812107,0.08370970389989241,0.08423806143135319,0.08474699405356909,0.08548125562302561,0.08596299337229867,0.08664286519586951,0.0870391333444651,0.08738878171087297,0.08764130553105642,0.08847657662858634,0.08888838470457783,0.08919141328879797,0.0895294067096589,0.08998394958598914,0.09020150856953181,0.09029086315205827,0.0903841027164337,0.0909396551208373,0.09118052399547384,0.09105231959445763,0.0914330478156573,0.091809891055008,0.09207018483888942,0.09226831891318721,0.09217119436696279,0.09247033796933397,0.0925324976789176,0.0929753856097009,0.0930880500833212,0.09336388379459852,0.09375238197949616,0.09386893143496544,0.09424965965616512,0.09426131460171205,0.09529471977353975,0.09549673882968651,0.09611056596182477,0.09622323043544508,0.09714008615180349,0.09797147226748441,0.09796370230378647,0.09857364445407575,0.09863191918181038,0.0985153697263411,0.09874846863727968,0.09891552285678566,0.09921466645915683,0.09925740125949557,0.09888444300199385,0.09881839831056126,0.0989077528930877,0.0987445836554307,0.09898933751191621,0.09932344595092817,0.09916416169512014,0.09922243642285479,0.09942057049715258,0.09954488991631982,0.10008490239332753,0.10036073610460484,0.10132809658499994,0.1018447991709138,0.10186422408015867,0.10237315670237457,0.10237315670237457,0.10272280506878244,0.1021711376462278,0.10273446001432937,0.10295201899787204,0.10309576332628416,0.10295978896156999,0.10294813401602307,0.10342210180159818,0.1038105999864958,0.10448658682821768,0.10452932162855642,0.10501882934152744,0.10497220955933972,0.10496832457749074,0.10497220955933972,0.10491004984975609,0.10534128283499247,