# R script for Peak Model
#  -- generated by MACS
p <- c(0.02191635917931747,0.025523104196239228,0.029257700249208585,0.03330855939134832,0.03691530440827008,0.036868201394989385,0.03714409047277631,0.03696240742155077,0.037285399512618396,0.037332502525899085,0.03766222361886395,0.03784390667008949,0.03824091778202677,0.037965028704239845,0.03822745977823228,0.03856390987309439,0.03866484490155302,0.03889363096605925,0.03881961194518959,0.03892727597554546,0.03889363096605925,0.03931082908368826,0.0389811079907234,0.03929737107989378,0.039579989159577944,0.039492512134913796,0.039781859216495206,0.03996354226772074,0.040225973341713184,0.040138496317049036,0.04005774829428213,0.0398289622297759,0.04009812230566558,0.039707840195625545,0.03964727917855036,0.03966746618424209,0.039559802153886214,0.03951942814250276,0.03940503511024965,0.03947905413111931,0.03979531722028969,0.03968092418803657,0.03960690516716691,0.04009139330376834,0.0398760652430566,0.04007793529997386,0.04015195432084352,0.040165412324638,0.04054223643088356,0.04077775149728703,0.04079120950108152,0.0408517705181567,0.04070373247641737,0.04044130140242493,0.04079793850297876,0.040710461478314613,0.04064990046123944,0.0407239194821091,0.04057588144036977,0.04052204942519184,0.04054223643088356,0.04079120950108152,0.04127569763768295,0.04158523172495608,0.040979621554204294,0.04081139650677325,0.040932518540923606,0.04122186562250501,0.0410603695769712,0.04122859462440225,0.04132952965286089,0.04126223963388846,0.04110074358835465,0.04122186562250501,0.04170635375910644,0.0418274757932568,0.04185439180084577,0.041484296696497454,0.04163233473823678,0.041430464681319515,0.0414910256983947,0.0414910256983947,0.04153139970977815,0.04149775470029194,0.041739998768592655,0.04200242984258509,0.04204953285586579,0.04202261684827682,0.04213700988052994,0.042062990859660275,0.04204953285586579,0.04231196392985823,0.04228504792226926,0.04215719688622166,0.0422110289013996,0.04227831892037202,0.04250037598298101,0.042688788036103785,0.042675330032309305,0.04324056619167764,0.043361688225828,0.04330785621065006,0.04371832532638183,0.04399421440416875,0.04413552344401084,0.044162439451599804,0.04419608446108601,0.04433066449903086,0.04455272156163984,0.04471421760717365,0.04500356468875506,0.04496319067737161,0.04512468672290542,0.04534674378551441,0.045259266760850264,0.045387117796897865,0.045366930791206135,0.04579758691262963,0.045723567891759964,0.04562936186519858,0.04575721290124618,0.045945624954368956,0.0458245029202186,0.045851418927807565,0.046268617045436576,0.04623497203595037,0.046322449060614515,0.04603983098093035,0.046033101979033104,0.04620132702646416,0.04607347599041656,0.046658899155476614,0.046625254145990405,0.04628207504923106,0.0464166550871759,0.046625254145990405,0.046679086161168344,0.04694151723516078,0.04701553625603045,0.04706263926931114,0.047163574297769774,0.046806937197215945,0.04674637618014076,0.047486566388837394,0.047419276369864975,0.047594230419193265,0.04781628748180226,0.04776245546662432,0.047937409515952614,0.04802488654061676,0.04838152364117059,0.04850264567532095,0.048724702737929934,0.04861703870757406,0.04876507674931339,0.04889965678725823,0.0487987217587996,0.048818908764491326,0.049000591815716865,0.0492630228897093,0.04937741592196242,0.04942451893524311,0.0494379769390376,0.04945143494283208,0.049390873925756903,0.04979461403959143,0.05013779313635078,0.050723216301410835,0.05128172345888193,0.051227891443703995,0.05086452534125292,0.05107312440006742,0.05142976150062126,0.05169892157651094,0.05165181856323024,0.05116733042662881,0.05126826545508745,0.051389387489237805,0.051012563382992246,0.051497051519593676,0.05149032251769643,0.051658547565127486,0.051786398601175086,0.051584528544257824,0.051840230616353025,0.05231798975105721,0.052196867716906854,0.052196867716906854,0.05231798975105721,0.052109390692242706,0.05238527977002963,0.052412195777618596,0.05235163476054342,0.052661168847816554,0.05269481385730277,0.05273518786868622,0.05311874097682902,0.05328023702236283,0.05341481706030767,0.05358977110963596,0.05373108014947805,0.05424921329556569,0.05464622440750297,0.05463276640370849,0.05481444945493402,0.05484809446442023,0.05463949540560573,0.0542828583050519,0.054747159435961604,0.0545385603771471,0.05494230049098162,0.05499613250615956,0.055049964521337494,0.05521818956876855,0.05542678862758305,0.05550753665034996,0.05595837977746518,0.056456325917861094,0.05624772685904659,0.056759131003236984,0.056792776012723194,0.056833150024106646,0.056833150024106646,0.05681969202031217,0.05667838298047008,0.05663800896908663,0.05680623401651768,0.05698118806584598,0.05697445906394873,0.05718305812276324,0.057499321211933616,0.0573849281796805,0.05777521028972054,0.05801072535612401,0.05871054155343719,0.059006617636915844,0.059168113682449654,0.059100823663477235,0.059598769803873144,0.059618956809564874,0.059457460764031064,0.05970643383422902,0.05960549880577039,0.05973334984181799,0.0596391438152566,0.05982755586837938,0.05970643383422902,0.06008998694237182,0.06049372705620634,0.060392792027747715,0.06083017715106845,0.06110606622885537,0.061112795230752616,0.06122718826300573,0.06151653534458714,0.061953920467907875,0.06285560672213832,0.06286233572403556,0.06299018676008315,0.06329972084735629,0.06371018996308805,0.06374383497257427,0.06428888412625088,0.06463206322301022,0.0650290743349475,0.06523767339376202,0.06504253233874199,0.0653789824336041,0.06544627245257652,0.06585674156830829,0.06568851652087723,0.06609225663471176,0.06637487471439593,0.06650945475234077,0.06620664966696488,0.06679207283202493,0.06685936285099736,0.0673303929838043,0.06726310296483189,0.06757936605400226,0.06790908714696713,0.06789562914317264,0.06825226624372646,0.06866946436135547,0.06910684948467621,0.06877039938981411,0.06907993347708724,0.0694096545700521,0.06981339468388663,0.07002199374270114,0.07037863084325496,0.070768912953295,0.07056704289637775,0.07098424101400676,0.07134087811456058,0.07175134723029235,0.07232331239155793,0.07253191145037244,0.07301639958697387,0.07354799073685599,0.07384406682033463,0.07475921107835956,0.07588968339709623,0.07683174366271013,0.07752483085812606,0.07836595609528133,0.07882352822429378,0.07960409244437386,0.08064035873654915,0.08173045704390236,0.08226877719568174,0.08208036514255895,0.08209382314635344,0.08224186118809276,0.08238317022793484,0.08278691034176937,0.08331177248975426,0.0833185014916515,0.08313008943852872,0.08284074235694731,0.08329158548406253,0.08389046665291708,0.08460374085402474,0.08491327494129787,0.0856063621367138,0.08597645724106212,0.08641384236438285,0.08697234952185395,0.08729534161292157,0.08749721166983883,0.08757795969260573,0.08782020376090645,0.0882441308804327,0.08814992485387131,0.08814992485387131,0.08784711976849542,0.08812973784817958,0.08829796289561063,0.08878918003410931,0.08877572203031482,0.08984563333197632,0.09027628945339981,0.09010133540407152,0.09091554463363781,0.09087517062225435,0.09187779190494343,0.09157498681956754,0.09170956685751237,0.09205947495616897,0.0926247111155373,0.09234882203775037,0.09251704708518142,0.0930082642236801,0.09306882524075527,0.09429350358605333,0.09424640057277264,0.09516827383269481,0.09532304087633138,0.09566621997309072,0.09582771601862453,0.09597575406036386,0.09624491413625354,0.09698510434495017,0.0971802453999702,0.09682360829941636,0.09685725330890257,0.09646024219696529,0.09672267327095772,0.09699856234874465,0.09757052751001023,0.09792716461056407,0.0984924007699324,0.09812230566558408,0.09822996969593996,0.09839146574147377,0.09878847685341105,0.09948829305072422,0.10026885727080431,0.10015446423855119,0.1006995133922278,0.10071970039791953,0.10070624239412504,0.10133203957056856,0.1018030697033755,0.10207895878116242,0.10208568778305967,0.10187708872424517,0.10172905068250584,0.10156082563507479,0.10118400152882923,0.10121764653831544,0.10125802054969889,0.10083409343017265,0.10106287949467888,0.10171559267871136,