# R script for Peak Model
#  -- generated by MACS
p <- c(0.02478701065090073,0.028941343170190474,0.03333021197389385,0.03748020122865742,0.04150206417989871,0.04142171378616441,0.04149120601858326,0.04171705577394455,0.0417257423029969,0.041953763690621274,0.04197330838098908,0.041995024703619974,0.04187992819367624,0.04196462185193672,0.04209926305224826,0.04228385179461084,0.04250101502091977,0.04238157524644986,0.04251187318223521,0.04237940361418677,0.04255964909202318,0.042752924363438125,0.042635656221231305,0.04281590169906771,0.043096042261006225,0.043232855093580845,0.04316987775795126,0.043154676332109634,0.04307432593837533,0.04308301246742769,0.043056952880270616,0.04302437839632428,0.04319810897737142,0.04294185637032689,0.04270080518912398,0.04271817824722869,0.04261176826633732,0.04277898395059519,0.04287453577017112,0.04292231167995908,0.042909281886380546,0.04293534147353762,0.043087355731953866,0.043282802635631897,0.0434435034231005,0.043378354455207824,0.04345218995215286,0.043458704848942126,0.04345218995215286,0.04361940563641074,0.04380616601103641,0.04384959865629819,0.043795307849720966,0.04383439723045657,0.043873486611192176,0.043990754753398996,0.044168828598972316,0.044331701018704005,0.04448805854164643,0.044492401806172616,0.04434907407680872,0.04451411812880351,0.04470956503248154,0.044861579290897784,0.04464224443232577,0.044598811787063986,0.044596640154800894,0.04446634221901554,0.044481543644857166,0.04462269974195797,0.044785572161689664,0.04473996788416479,0.044655274225904304,0.04437947692849197,0.044891982142581034,0.045120003530205406,0.04520035392393971,0.04511131700115305,0.04533933838877742,0.04525464473051694,0.04543054694382717,0.045521755498876916,0.045532613660192366,0.04589961951265445,0.04584315707381413,0.045827955647972506,0.046032089080702894,0.04614718559064662,0.04597779827412566,0.04626228210059036,0.04632308780395685,0.04629919984906287,0.046514191443108706,0.04649030348821472,0.0465771687787383,0.04665100427568333,0.04657065388194903,0.04685296607615063,0.04702669665719777,0.04698977890872525,0.047202598870508,0.04743279189039546,0.04745450821302635,0.04751314228412976,0.047702074291018526,0.04783888712359315,0.04792358078185363,0.04795832689806306,0.04813640074363638,0.04836876539578693,0.048331847647314415,0.04838831008615473,0.04854901087362334,0.04864890595772544,0.048655420854514714,0.04886606918403437,0.04916141117181451,0.04921135871386556,0.04918964239123467,0.04927216441723206,0.04930039563665222,0.049432865204700666,0.049550133346907485,0.04965220006327268,0.04964351353422032,0.04961093905027398,0.04967825965042975,0.049873706554107784,0.05029283158088401,0.05022333934846515,0.05050782317492984,0.05049045011682513,0.05034060749067197,0.0505773154073487,0.05085094107249794,0.050835739646656324,0.05092260493717989,0.05097906737602021,0.05089003045323355,0.05121143202817076,0.05117234264743516,0.05141990872542733,0.0516674748034195,0.05183469048767737,0.05188029476520225,0.052221241030507265,0.052160435327140764,0.05214740553356223,0.05233199427592482,0.0523341659081879,0.052318964482346283,0.05254264260544447,0.0527185448187547,0.05301823007106102,0.05332443022015661,0.05327882594263173,0.05339175082031237,0.053841278698771845,0.05391728582797997,0.0540736433509224,0.05421697108028629,0.05409970293807947,0.05425823209328498,0.054193083125392304,0.05406061355734386,0.054312522899862214,0.05441241798396432,0.05441241798396432,0.05437984350001798,0.05460569325537926,0.05495966931426281,0.05518117580509792,0.05525935456656913,0.05525718293430604,0.055413540457248465,0.055344048224829606,0.055324503534461805,0.05544611494119481,0.05562418878676812,0.05557858450924325,0.055530808599455285,0.055648076741662104,0.05578054630971055,0.05588044139381265,0.05595644852302078,0.05625396214306401,0.05650587148558236,0.056571020453475035,0.05659708004063211,0.05677081062167925,0.057003175273829795,0.057053122815880854,0.057122615048299706,0.05737452439081806,0.05748962090076179,0.057465732945867806,0.057593859249390075,0.05776541819817413,0.05799126795353541,0.05812156588932076,0.05798909632127232,0.058065103450480444,0.0582757517800001,0.05849074337404594,0.058545034180623165,0.05859715335493731,0.058684018645460884,0.05871007823261795,0.058760025774669,0.05871224986488104,0.058879465549138914,0.05925732956291644,0.05916177774334051,0.0589837038977672,0.05914223305297271,0.059233441608022463,0.05967211132516649,0.059863214964318345,0.0599131625063694,0.05999568453236679,0.06019330306830791,0.060086893087416535,0.06028016835883148,0.060362690384828874,0.06058202524340089,0.06078833030839437,0.06066237563713519,0.06065368910808283,0.06081004663102526,0.06092731477323208,0.06099897863791402,0.06113579147048865,0.061305178787009605,0.061407245503374806,0.06143981998732114,0.06167218463947169,0.06196101173046256,0.06225852535050579,0.06255821060281211,0.06279491851948883,0.06302076827485012,0.06316192437195092,0.06331393863036716,0.0636309969407782,0.06385033179935021,0.06391113750271671,0.06390245097366436,0.06410006950960548,0.06396325667703086,0.0641174425677102,0.0643780384392809,0.06481019325963566,0.06494917772447338,0.06526840766714749,0.06525754950583205,0.06563975678413576,0.06593509877191589,0.06608494139806906,0.06670602822531257,0.06679289351583614,0.06685804248372883,0.06678637861904688,0.06690147512899061,0.06719247385224457,0.06748998747228781,0.06758336765960064,0.06764634499523023,0.06778098619554176,0.06803941043484939,0.06844333403578398,0.06869741501056542,0.06897104067571468,0.06933804652817675,0.0696529332063247,0.07009377455573182,0.07046729530498316,0.07090813665439029,0.07089727849307484,0.07089293522854866,0.07107535233864816,0.07118176231953953,0.07151402205579219,0.07160088734631576,0.07180719241130923,0.07216334010245587,0.07231535436087212,0.07257812186470591,0.07325349949852668,0.073650908202672,0.07400054099702938,0.07462597108879909,0.07505161101236459,0.07554022827155966,0.07552285521345495,0.07589637596270629,0.0762199491699066,0.07644579892526789,0.07678240192604671,0.0772688475529787,0.07787907621890679,0.07815053025179294,0.0786217744528833,0.07904307111192263,0.07987914953321198,0.08011151418536254,0.0810083983100184,0.08133848641400797,0.08184230509904468,0.08224405706771619,0.0828260545142241,0.08356658111593754,0.08402262389118628,0.08448952482775048,0.08474143417026883,0.08544069975898357,0.08552539341724405,0.08619425615427553,0.08664378403273501,0.08687832031714865,0.08696301397540913,0.08717583393719187,0.08746683266044583,0.08767965262222858,0.08805317337147994,0.08821821742347472,0.08833982883020772,0.08873072263756378,0.08892399790897873,0.08928014560012536,0.08965366634937671,0.08997072465978774,0.09023349216362155,0.09065913208718704,0.0909305861200732,0.09108911527527871,0.09158424743126306,0.09202508878067019,0.0923464903556074,0.09281556292443467,0.09279384660180377,0.0931738822478444,0.09332806813852373,0.09368421582967038,0.09394264006897798,0.09404687841760627,0.09420975083733797,0.09418586288244399,0.09435525019896494,0.09459630138016785,0.09513052291688781,0.09518915698799123,0.09523910453004228,0.09544758122729884,0.09571252036339573,0.09619245109353845,0.09670061304310135,0.09698509686956604,0.09724786437339983,0.09755406452249542,0.09779294407143524,0.09813171870447716,0.09879840980924556,0.09893956590634637,0.09926531074580974,0.09942166826875218,0.09930657175880844,0.09981690534063442,0.1000427550959957,0.10023603036741065,0.1004271340065625,0.1005465737810324,0.10070075967171174,0.1010547357305953,0.10137830893779559,0.10161284522220923,0.10200373902956529,0.10176268784836238,0.10222090225587423,0.10247715486291875,0.10281810112822376,0.10305046578037431,0.10333060634231284,0.10365417954951313,0.10375407463361523,0.10421663230565324,0.10438167635764803,0.10492458442342034,0.10488983830721091,0.10493109932020961,0.10510265826899366,0.10542840310845705,0.10542188821166779,0.10567162592192304,0.10595176648386156,0.10613201196169797,