# R script for Peak Model
#  -- generated by MACS
p <- c(0.02596994267378156,0.030139007535259135,0.0345164570922134,0.03894737377498075,0.04335087141886959,0.043418048064121945,0.043522240411860286,0.04377997937731829,0.04383207555118746,0.04392392933143047,0.04410900784386042,0.044244732086309045,0.04422965161492587,0.04428448969268289,0.04434206967432776,0.044406504415692265,0.044506583907598825,0.04433658586655206,0.044248844942140826,0.04434206967432776,0.04443803631040255,0.044738274786122245,0.04490964377911293,0.04484657998969236,0.044902789019393305,0.044937062817991445,0.044945288529655,0.045094722291542884,0.04529625222729994,0.04539496076726258,0.04538673505559902,0.04545254074890745,0.045436089325580346,0.045629393549673845,0.04579116587905706,0.04594471249677672,0.04605164674840291,0.04606946912367395,0.04611745244171134,0.04616132290391696,0.04633132094496372,0.04620793527001042,0.04639986854216,0.046364223791617934,0.046357369031898306,0.04624220906860856,0.046223015741393605,0.04634914332023476,0.04641357806159926,0.046479383754907684,0.0464643032835245,0.046626075612907714,0.04663841418040304,0.04669051035427221,0.046776880326739524,0.04689478219391712,0.04699897454165546,0.0470277645324779,0.04692494313668348,0.047056554523300334,0.047125102120496615,0.04721832685268355,0.047300583969319084,0.047428082500104156,0.04751719437645932,0.047603564348926625,0.04768033765778646,0.048028559451543544,0.048143719414833294,0.048191702732870684,0.04818896082898284,0.04808751038513234,0.048092994192908044,0.04816976750176788,0.048138235607057586,0.048265734137842665,0.048317830311711836,0.048358958870029604,0.04842065170750625,0.04848371549692682,0.048674277817132475,0.048760647789599786,0.04893064583064655,0.049056773409487706,0.049040321986160595,0.04903346722644097,0.049040321986160595,0.048871694897057755,0.04911298243918865,0.04918838479610455,0.04925281953746906,0.049477655656272844,0.04936523759687095,0.049424188530459746,0.04953249373402987,0.04973402366978692,0.04990676361472154,0.05005208452077765,0.05006990689604868,0.050076761655768305,0.05020837304238516,0.050227566369600116,0.05047296676756279,0.050605949106123566,0.050773205243282486,0.050686835270815175,0.05086917187935727,0.05104054087234797,0.05129965078974989,0.051577954034366776,0.051653356391282684,0.05193028868395564,0.05198786866560051,0.05203859388752576,0.05210851243666596,0.0523306066515819,0.05247181470180623,0.05256366848204924,0.052678828445338985,0.05282552030333902,0.052980437873002606,0.05294205121857269,0.05296124454578765,0.053120274971283014,0.053353336801750355,0.05336019156146998,0.053358820609526056,0.05342188439894663,0.053340998234255026,0.053220354463189574,0.05325051540595594,0.05336019156146998,0.053563092449170964,0.05371115525911492,0.053789299519918676,0.054051151341208456,0.05414163416950754,0.05419784319920849,0.05442816312578798,0.054681789235414203,0.054825739189526386,0.05488194821922734,0.05513557432885356,0.05517396098328348,0.05520275097410591,0.05535355568793772,0.05547419945900317,0.05559758513395647,0.05576347031917146,0.05585532409941447,0.05592935550438645,0.055960887399096736,0.055989677389919175,0.0561843525659566,0.05633241537590056,0.056350237751171595,0.05651749388833051,0.05668475002548942,0.05684926425876049,0.056943859942891355,0.05712208369560167,0.05734966171829331,0.05741820931548959,0.05739490313244285,0.057537482134611115,0.05764715829012516,0.057817156331171925,0.05788981678419998,0.05778151158062986,0.0577732858689663,0.0577458668300878,0.057806188715620516,0.05802417007470468,0.058084491960237405,0.05820376477935892,0.05834085997375148,0.05832166664653652,0.058604082746985184,0.05878641935552728,0.05901399737821892,0.05923472064119093,0.05961858718549009,0.05963640956076112,0.05986261663150883,0.060128581308630386,0.06013269416446217,0.06031914362883604,0.0601614841552846,0.060162855107228526,0.06033970790799492,0.06022454794470518,0.06009430751003225,0.06012995226057431,0.06020672556943414,0.06010664607752758,0.06029995030162108,0.060512447852929536,0.060609785440948256,0.06074962253922866,0.060738654923677256,0.06103203863967732,0.06109236052521005,0.06123905238321008,0.061223971911826894,0.06139396995287366,0.061448808030630686,0.06141864708786433,0.06162291892750923,0.061618806071677454,0.061705176044144765,0.06167227319749055,0.06180114268021955,0.06191356073962145,0.0621150906753785,0.06216307399341589,0.06217267065702337,0.06230702394752807,0.06249895721967765,0.06255927910521038,0.06264564907767768,0.06282524378233192,0.06301580610253758,0.06310080512306096,0.06308983750750956,0.06330507696270588,0.06343943025321057,0.0634353173973788,0.06348604261930405,0.06367934684339754,0.06397821436717331,0.06404127815659388,0.06423046952485562,0.0643963547100706,0.06455949799139775,0.06451288562530427,0.06473497984022021,0.06492142930459409,0.0651476363753418,0.06538481106164092,0.06540263343691195,0.06555755100657554,0.06566037240236995,0.0658399671070242,0.06616076986190278,0.06639931550014583,0.06661729685922999,0.06680923013137956,0.06686955201691228,0.06692164819078145,0.06725341856121143,0.06740011041921147,0.06762905939384703,0.0677236550779779,0.06777438029990314,0.06783470218543586,0.06795945881233309,0.06818155302724903,0.06837897010717431,0.06856404861960426,0.06857090337932388,0.06889993184586601,0.06878340093063234,0.06888622232642676,0.06898767277027724,0.06939210359373528,0.06965532636696899,0.06972113206027741,0.0701502400187261,0.07044636563861402,0.07063418605493182,0.0708261193270814,0.0713251458346703,0.07184336566947415,0.07232731170567987,0.07258230876725003,0.07281125774188558,0.07312794764093239,0.07307448051511929,0.07343092802053994,0.07389019692175498,0.07399027641366156,0.0742877729854934,0.07428366012966162,0.07465244620257759,0.07491429802386737,0.07512816652711975,0.07549695260003572,0.07585340010545637,0.07592606055848442,0.07615912238895176,0.07673766410928834,0.07692822642949398,0.07733814106072773,0.07754926766009226,0.07781934519304559,0.07822514696844755,0.0785171597325037,0.07882562391988694,0.0794781970451955,0.07985246692588717,0.08035286438542,0.0808847937396631,0.08117543555177532,0.08154970543246699,0.08208026383476619,0.0825162265529345,0.08317154158213091,0.08371992235970113,0.08406677320151429,0.08428612551254239,0.08459184779603778,0.08514159952555192,0.08587642976749602,0.08609989493435587,0.08642481054506623,0.08679496756992612,0.08693343371626261,0.087368025482487,0.0878355200953656,0.08829341804463674,0.08854430225037511,0.08876913836917891,0.08891583022717894,0.08942719530226316,0.08940114721532857,0.08979323947129128,0.09035258786441291,0.09055823065600174,0.09080088915007656,0.09104628954803923,0.09140822086123558,0.09153160653618887,0.09194837592714224,0.09222942107564698,0.09298618654869388,0.09316166839751634,0.09326311884136683,0.09359214730790896,0.09366892061676879,0.09396367528471279,0.09408157715189039,0.09453399129338581,0.09462858697751668,0.09483560072104943,0.09491785783768497,0.09527567629504953,0.09546898051914303,0.0955580923954982,0.09611744078861982,0.09635324452297502,0.09662469300787227,0.09687694816555456,0.09700993050411534,0.09755145652196594,0.09781467929519964,0.09796685496097537,0.0983328991300035,0.09866741140432132,0.09868112092376058,0.0987359590015176,0.09899643987086346,0.09899643987086346,0.09958320730286359,0.09975594724779821,0.09999997669381695,0.10022344186067682,0.10013570093626559,0.1003564241992376,0.10041126227699462,0.1009843201895555,0.1011570601344901,0.10159302285265844,0.10187132609727532,0.1017095537678921,0.10196592178140618,0.10214140363022865,0.10236212689320066,0.10257599539645305,0.1028309924580232,0.10287760482411666,0.1032710680320233,0.10344380797695792,0.10350001700665887,0.10389622211845334,0.10402646255312627,0.1039798501870328,0.10449121526211703,0.10475717993923858,0.10507798269411717,0.10534394737123871,0.10557152539393036,0.10563733108723879,0.105633218231407,0.10575660390636031,0.10587039291770613,