# R script for Peak Model
#  -- generated by MACS
p <- c(0.02489511531016116,0.028957360656102323,0.03296004830991391,0.03698738052598602,0.041064001866579145,0.04104141101784034,0.04097979961218906,0.041121505845187006,0.041092753855883075,0.041287856640445465,0.04120365438605538,0.041269373218750086,0.041343306905531625,0.04148295942500786,0.04176021075043863,0.04171502905296102,0.041776640458612305,0.04178280159917743,0.04166779364196171,0.041700653058309056,0.041795123880307684,0.04186084271300239,0.04200665637304375,0.041942991253870764,0.041778694172134014,0.04180128502087282,0.04188754098878461,0.04209701976799897,0.04251803103994939,0.04245847334781982,0.04245025849373298,0.0426741132675993,0.04286100119807486,0.043043781701506995,0.042957525733595195,0.043043781701506995,0.043210132496765453,0.043134145096462205,0.0428918069009005,0.04279938979242358,0.04296574058768204,0.042739832100294,0.04261455557546973,0.04259401844025264,0.04269670411633811,0.04284662520342289,0.04272750981916375,0.0428260880682058,0.04290002175498733,0.04297395544176887,0.04299038514994255,0.04318343422098323,0.043331301594546304,0.04337648329202391,0.043493544962761345,0.04339907414076272,0.04336210729737195,0.04340523528132784,0.04344836326528374,0.04364346604984613,0.043668110612106646,0.043729722017757926,0.043803655704539465,0.0439433082240157,0.04394125451049399,0.04406858474883998,0.04432324522553194,0.04432324522553194,0.04442798461513912,0.04445262917739963,0.044415662334008864,0.04447932745318185,0.04439101777174835,0.04448343488022527,0.04476684734622117,0.04482229761130732,0.04482229761130732,0.04496400384430527,0.045235094029170905,0.04528232944017022,0.045413767105559624,0.04537269283512543,0.04552877506277535,0.04555752705207928,0.04545073394895039,0.04561503103068714,0.045742361269033124,0.045785489252989024,0.045769059544815346,0.045892282356117906,0.04599291431868167,0.04618801710324406,0.04629891763341637,0.0464159793041538,0.046680908348454314,0.04668706948901944,0.04662956551041158,0.0467651106028444,0.0467877014515832,0.04682056086793055,0.046814399727365424,0.046771271743409525,0.046802077446235164,0.046861635138364735,0.04688422598710354,0.0470279859336232,0.04728880755088029,0.04741819150274798,0.0474880177624861,0.0476625834118314,0.04798707014826148,0.04832593287934353,0.04864015104816507,0.048779803567641306,0.04896874521163857,0.048972852638681987,0.049015980622637886,0.04897079892516028,0.04895847664403002,0.04894820807642147,0.04898517491981224,0.04907348460124575,0.04887838181668335,0.04878801842172814,0.04881471669751036,0.048843468686814294,0.0488660595355531,0.049038571471376684,0.04915563314211412,0.049245996537069334,0.04928501709398181,0.04930144680215549,0.04974299520932301,0.05002435396179719,0.050110609929708984,0.0502009733246642,0.050346786984705565,0.05040223724979172,0.0504864395041818,0.050718509132134965,0.050839678229915815,0.05079655024595992,0.050736992553830344,0.05082940966230727,0.05081914109469872,0.05107380157139069,0.05111692955534659,0.051478383135167435,0.051642680216904185,0.051685808200860085,0.051704291622555465,0.05181724586624949,0.05189734069359615,0.05196511323981256,0.05215405488380982,0.05194662981811717,0.05213967888915786,0.051909662974726406,0.0519076092612047,0.052119141753940765,0.05240871536050179,0.05256069016110828,0.05258533472336879,0.05255863644758657,0.052716772388758194,0.05299607742771067,0.05323636190975067,0.053552633792093914,0.053893550236697674,0.053924355939523314,0.05399828962630485,0.05413383471873767,0.054312507795126384,0.054579490552948605,0.05461440368281766,0.05482388246203202,0.0548403121702057,0.05466163909381698,0.05477870076455442,0.055025146387159544,0.055117563495636464,0.0553660628317633,0.05527364572328638,0.05533320341541595,0.05567001243297629,0.05579118153075714,0.055908243201494574,0.056111560840143807,0.05627175049483714,0.056185494526925346,0.056158796251143124,0.056158796251143124,0.05631693219231475,0.056425779008965345,0.05637854359796603,0.05646274585235611,0.05638675845205286,0.0564812292740515,0.0564175641548785,0.05649560526870346,0.056485336701094915,0.056606505798875766,0.056783125161742776,0.05686116627556773,0.05686938112965457,0.05695358338404465,0.057156901022693885,0.05733762781260431,0.05722467356891029,0.05738897065064704,0.05758201972168773,0.05769497396538174,0.05771961852764226,0.057738101949337636,0.057947580728551995,0.05795579558263884,0.05817759664298345,0.058185811497070285,0.058528781655195754,0.058615037623107547,0.05883478496993045,0.058914879797277116,0.059167486560447374,0.059514564145616254,0.0595679606971807,0.05983288974148121,0.05988834000656736,0.06004442223421728,0.06000950910434822,0.06010397992634685,0.06013889305621591,0.06042641294925522,0.06040792952755984,0.06033810326782172,0.06059276374451368,0.06066669743129522,0.06074063111807676,0.06089055220516155,0.061134944114244964,0.06141630286671915,0.06154979424563026,0.061525149683369744,0.061820884430495895,0.062151532307491104,0.06234047395148837,0.06243699848700871,0.06261567156339742,0.06295248058095777,0.06314142222495503,0.06333857872303914,0.06343510325855947,0.06361377633494819,0.06390540365503092,0.0640984527260716,0.06398139105533417,0.06415595670467947,0.06445990630589246,0.06436954291093724,0.06448249715463125,0.06464679423636802,0.06500619410266716,0.06523826373062032,0.06531219741740185,0.06542104423405244,0.06580919608965552,0.06598376173900082,0.06624458335625791,0.06677854887190235,0.06697159794294304,0.06696749051589962,0.06712357274354953,0.06713589502467979,0.06743779091237107,0.06785674847079978,0.06798613242266748,0.06822641690470746,0.06830651173205413,0.06830856544557584,0.06858581677100661,0.06877475841500387,0.06922452167625823,0.06978107804064147,0.07005627565255053,0.070222626447809,0.07049987777323975,0.07093731875336386,0.07111599182975258,0.07158013108565889,0.07192720867082777,0.07255769872199255,0.0726090415600353,0.07274664036598982,0.07321283333541785,0.07357839434228212,0.07412878956610024,0.07445533001605203,0.0750406383697392,0.07529324513290946,0.07564237643160006,0.07587033863250979,0.07647413040789236,0.07697523650718945,0.07720730613514261,0.07758313570961542,0.07778439963474294,0.07818076634443286,0.07856891820003593,0.07911725971033233,0.0798093611671484,0.08036591753153163,0.08076639166826496,0.0813003571839094,0.08168440161246907,0.08212389630611487,0.0826558081082376,0.08314048449936101,0.08371347057191794,0.08410983728160784,0.0842535972281275,0.08485533528998836,0.08534206539463347,0.08562753157415108,0.08582674178575689,0.08600130743510219,0.0864859838262256,0.0867919871409603,0.08710825902330355,0.08734238236477841,0.0876011502685138,0.08750051830595004,0.08758882798738354,0.08795438899424782,0.08823164031967859,0.08861568474823824,0.08861773846175995,0.08906134058244917,0.08934064562140165,0.08972879747700473,0.09017034588417225,0.09051742346934112,0.09074743938377258,0.09080905078942386,0.09110067810950659,0.09150320595976164,0.09156481736541291,0.09165312704684642,0.09158124707358659,0.09207208460527513,0.09222200569235992,0.0923945176281835,0.09276623977561291,0.09304759852808708,0.0937047868550341,0.0938834599314228,0.09411552955937597,0.0944071568794587,0.0947562881781493,0.09461458194515135,0.09505818406584057,0.09557777358683305,0.0957420706685698,0.09598851629117493,0.09583448777704673,0.0960932556807821,0.0963972052819951,0.09638693671438654,0.09646908525525492,0.0969229559435527,0.09700099705737765,0.09713038100924534,0.09732137636676431,0.0977341727846279,0.09786355673649559,0.09779373047675748,0.09819831204053422,0.09873638498322208,0.09923954479604088,0.09923749108251917,0.09949009784568943,0.09955170925134071,0.09999120394498652,0.10016987702137524,0.1005785660121954,0.10081679678071369,0.10116387436588258,0.10092975102440771,0.10103449041401488,0.10117619664701283,0.10135076229635813,0.10168346388687505,0.10170810844913557,0.10172043073026582,0.10192374836891505,0.10238994133834307,0.10266924637729556,