# R script for Peak Model
#  -- generated by MACS
p <- c(0.03200118801930758,0.037334289959567356,0.042554031278874756,0.0478974387301302,0.053145520204675695,0.053202200515151885,0.053202200515151885,0.05309399264969734,0.05303473596147223,0.05333874853584453,0.053331019402597775,0.05333874853584453,0.05365306662121249,0.05373293433142894,0.053745816220173534,0.053668524887706,0.053624726465974396,0.05370717055393977,0.05387463510761942,0.05378188550865838,0.05378961464190513,0.05358608079974063,0.05334647766909128,0.05325372807013024,0.0533645123133337,0.05349333120077959,0.05336708869108262,0.05339542884632072,0.05328206822536834,0.05311975642718651,0.05322538791489214,0.0533645123133337,0.05337997057982721,0.053444380023550155,0.053372241446580454,0.053186742248658374,0.053341324913593446,0.05319189500415621,0.05340315797956747,0.05348560206753284,0.05363760835471899,0.053745816220173534,0.053756121731169206,0.053872058729870505,0.05409620359402635,0.05432292483593111,0.054240480747965746,0.054310042947186526,0.05430489019168869,0.054230175236970074,0.05394935006233804,0.05390297526285752,0.054054981550043665,0.054049828794545826,0.05391070439610427,0.05384114219688349,0.0540163358838099,0.05431261932493544,0.05408589808303068,0.0543358067246757,0.0546114791438099,0.05486654054095276,0.054768638186493884,0.054717110631515534,0.05494125549567137,0.05502885233913458,0.05505461611662376,0.05480470747497874,0.05504431060562809,0.05486396416320384,0.054778943697489556,0.054552222455584796,0.05467073583203501,0.05473514527575796,0.05454449332233804,0.054541916944589125,0.05469649960952419,0.055036581472381337,0.05522208067030341,0.0553508995577493,0.05539727435722982,0.05573477984233805,0.05591770266251121,0.05603106328346359,0.05625520814761944,0.05638917979056316,0.05650769316701338,0.05655664434424282,0.056520575055757964,0.05669061598718654,0.056878691562857533,0.05687096242961078,0.05704357973878827,0.05698432305056317,0.0568735388073597,0.057022968716796935,0.05719816240372334,0.057321828535671394,0.05730379389142897,0.05741200175688351,0.05745837655636404,0.05742230726787918,0.0573372868021649,0.05764902850978395,0.05787832612943763,0.05806640170510863,0.05783195132995711,0.05772631984225148,0.05800714501688352,0.05801745052787919,0.05806382532735971,0.05820037334805235,0.05826735916952421,0.058411636323463606,0.058411636323463606,0.058414212701212526,0.05863578118761945,0.05876717645281426,0.05884962054077963,0.059017085094459285,0.05931079215783591,0.05945249293402639,0.059797727552381365,0.05984410235186188,0.06019191334796579,0.06009401099350691,0.06021767712545496,0.06026147554718656,0.06025374641393981,0.060351648768398686,0.060310426724416,0.060454703878355394,0.060292392080173576,0.06020994799220821,0.06016357319272769,0.06041605821212163,0.06064793220952423,0.06093133376190518,0.06118897153679696,0.061392505378961466,0.06152132426640735,0.0615135951331606,0.06164756677610432,0.06176865653030346,0.06184079510727315,0.06189747541774935,0.06177638566355021,0.0617892675522948,0.06175577464155887,0.061611497487619474,0.061737739997316445,0.06188459352900476,0.06212419665965411,0.062111314770909525,0.06232000136857186,0.06261886118744632,0.06266265960917793,0.06270388165316061,0.06278117298562814,0.0630645745380091,0.06316505327021689,0.06327068475792251,0.06319854618095282,0.06334797609039004,0.06339177451212165,0.06302335249402641,0.0633557052236368,0.06326037924692685,0.06359788473203508,0.0635721209545459,0.06332994144614762,0.06366229417575801,0.06370093984199178,0.06403071619385325,0.06394827210588788,0.06419045161428616,0.06423682641376668,0.06438110356770607,0.06426774294675369,0.06419818074753292,0.06430123585748962,0.06380914770744633,0.06389674455090953,0.06386067526242468,0.06379626581870174,0.06374989101922122,0.06375762015246797,0.06383748786268442,0.06384521699593118,0.06406420910458918,0.06412604217056321,0.06466708149783594,0.06467738700883162,0.06447642954441603,0.06470057440857188,0.06473664369705673,0.06474179645255457,0.06495563580571473,0.06509991295965413,0.06520296806961084,0.06551213339948098,0.06535239797904807,0.0654013491562775,0.065573966465455,0.0654863696219918,0.0656461050424247,0.06544257120026019,0.0652828357798273,0.06523388460259785,0.06509476020415629,0.06497624682770607,0.06504065627142902,0.06499685784969741,0.06515144051463248,0.06534982160129915,0.06520812082510867,0.06534466884580131,0.06553789717697014,0.06549667513298747,0.06558942473194851,0.06565125779792254,0.06549925151073638,0.06548121686649395,0.06541165466727318,0.06555850819896149,0.06579038219636409,0.06578780581861518,0.06553532079922124,0.06585736801783595,0.06578780581861518,0.06604286721575803,0.06626185932441604,0.06631596325714331,0.06633657427913466,0.06620260263619093,0.06633142152363683,0.06657360103203509,0.0667771348741996,0.06663801047575804,0.06674106558571474,0.06658133016528185,0.06651176796606106,0.06691110651714333,0.06704250178233813,0.06704765453783597,0.06715328602554159,0.06720481358051994,0.06749079151064982,0.06763249228684029,0.06787467179523857,0.06826885759082299,0.06837191270077969,0.06832296152355026,0.06845435678874506,0.06859348118718663,0.06862697409792255,0.0685471063877061,0.0688511189620784,0.06902115989350698,0.06905980555974074,0.06894902131653727,0.06942307482233814,0.06971162913021693,0.06986363541740308,0.07029131412372343,0.07041240387792257,0.07086326998398318,0.07076794400727322,0.07104361642640741,0.0712162337355849,0.07143522584424292,0.07143007308874508,0.07168513448588794,0.07185517541731652,0.07196338328277106,0.07227770136813903,0.07271568558545505,0.07297847611584467,0.07280328242891826,0.07325157215722994,0.07367152173030354,0.07381322250649401,0.07405282563714337,0.074377449233507,0.07463508700839878,0.07496486336026026,0.07490560667203515,0.07536420191134251,0.07568624912995724,0.07609074043653732,0.07624274672372347,0.0765673703200871,0.07650296087636417,0.07657509945333386,0.07722949940155897,0.07731709624502218,0.0776236851971434,0.077886475727533,0.07867742369645075,0.07885519376112608,0.07949155906510877,0.08000168185939449,0.08083385187229493,0.08152947386450272,0.08176392423965424,0.08234618561090966,0.08322730680103954,0.08385594297177547,0.08412388625766291,0.08463143267419972,0.08485815391610449,0.0853528184438967,0.08598403099238154,0.08665904196259801,0.08716143562363697,0.08770505132865862,0.08779264817212182,0.0879652654812993,0.08836718041013049,0.08873560242822573,0.08913494097930798,0.08966309841783612,0.08989497241523872,0.09003152043593136,0.09043343536476253,0.09056740700770625,0.0911960431784422,0.09173192975021709,0.09204367145783614,0.09214930294554176,0.0923863296984422,0.09252803047463268,0.09252803047463268,0.09319788868935129,0.0931695485341132,0.09384455950432966,0.09394246185878853,0.09402748232450281,0.09453760511878853,0.09494982555861538,0.09525383813298767,0.09582064123774958,0.09611434830112621,0.09639002072026041,0.09677647738259808,0.09718869782242491,0.09727887104363704,0.0977529245494379,0.09787143792588812,0.09794100012510891,0.09829138749896171,0.0982450126994812,0.0986933024277929,0.09865980951705695,0.09907718271238164,0.09878862840450285,0.09912098113411325,0.09924464726606129,0.09932709135402666,0.09963110392839895,0.0998964708365375,0.09988616532554181,0.10002271334623446,0.10012576845619117,0.10020563616640762,0.10053283614052018,0.10034476056484919,0.10032414954285784,0.1005354125182691,0.10067453691671066,0.10081623769290113,0.10119496522199205,0.10143456835264139,0.10148094315212192,0.10169220612753317,0.10166128959454616,0.10194726752467603,0.10218171789982755,0.10227446749878859,0.10243162654147257,0.10251407062943795,0.10251664700718685,0.10249088322969768,0.10254498716242495,0.1022177871883124,0.10232341867601802,0.10232857143151586,0.10207608641212192,0.10225385647679724,0.10205805176787949,0.10203744074588815,0.10192150374718685,0.1016226439283124,0.10177722659324746,0.1020168297238968,0.10204259350138599,0.10215853050008729,