# R script for Peak Model
#  -- generated by MACS
p <- c(0.03328527992692437,0.038802782524984154,0.04424959322556719,0.04959390067480895,0.05508489381131495,0.05503364218564431,0.055215673821646924,0.05529520220630826,0.05540124005252337,0.055535554657729184,0.05528813301656058,0.05542068032432948,0.05550551060130157,0.05585366819637453,0.05590315252460825,0.05601625956057103,0.055929661986162026,0.05608341686317394,0.0560887187554847,0.056166479842709116,0.05629195796073033,0.05616294524783528,0.05620182579144749,0.055993284693891095,0.056150574165776845,0.05621066227863208,0.05621066227863208,0.056230102550438185,0.05618238551964138,0.05618768741195214,0.05617178173501987,0.05634144228896405,0.05643864364799457,0.056588863930132655,0.05658532933525882,0.05661890798656027,0.05665602123273556,0.056401530401819285,0.056313165529973355,0.056244240929933534,0.05623540444274894,0.05617001443758295,0.05604983821187249,0.055963240637463475,0.055866039278432957,0.055816554950199236,0.05582715873482075,0.056106391729853884,0.05636971904795475,0.05644748013517917,0.056622442581434104,0.056622442581434104,0.05666132312504631,0.05673024772508614,0.05690697746877799,0.056843354761048924,0.056947625309827124,0.05688753719697189,0.056892839089282644,0.05693878882264253,0.056785033945630614,0.05709431099709136,0.0572021161407434,0.05732405966389078,0.05732229236645386,0.05755734292556403,0.05779592807954804,0.05770579591026519,0.05787015457189862,0.05790903511551083,0.0580680918848335,0.05786485267958786,0.05780476456673263,0.05801684025916286,0.058108739725882624,0.05799386539248292,0.058036280530968966,0.0583349537978082,0.05822361405928233,0.05829784055163291,0.05842331866965413,0.05847280299788785,0.05870785355699802,0.058847470054514586,0.0588015203211547,0.05921683521883057,0.05918502386496603,0.05922743900345208,0.05933877874197795,0.05946248956256225,0.05968516903961399,0.05983715661918899,0.05982832013200439,0.05976293012683841,0.060013886362880846,0.06007043988086224,0.060022722850065435,0.06012876069628055,0.06016940853732968,0.059978540414142474,0.06004039582443462,0.06010932042447445,0.060446874234925896,0.06041506288106136,0.060317861522030836,0.06024010043480642,0.06053877370164566,0.06056705046063636,0.06085158534798025,0.061173233481499424,0.06111137807120728,0.06129871159952065,0.061238623486665415,0.06145423377396948,0.061581479189427614,0.06168398244076889,0.06167868054845814,0.06186954867164535,0.06194377516399592,0.06198795759991889,0.062113435717940105,0.062168221938484584,0.06238559952322557,0.06264362494901568,0.06284156226195056,0.06292462524148573,0.06292639253892265,0.0629599711902241,0.06298294605690405,0.0632833866211802,0.06354494664184415,0.06364391529831159,0.06343360690331828,0.06320916012882961,0.06339295906226915,0.06352373907260113,0.06406806668317204,0.06438087832950663,0.06440385319618658,0.06439501670900198,0.06436497265257436,0.06441092238593425,0.0647007591655889,0.06498529405293278,0.06507012432990487,0.06523094839666446,0.0649958978375543,0.06480326241693017,0.06509840108889557,0.06524685407359673,0.06550664679682376,0.06557380409942667,0.06587954655601358,0.06597498061760719,0.06591312520731503,0.06608455305869614,0.06619766009465892,0.06642740876145833,0.06637969173066154,0.06649810065893508,0.06641857227427375,0.0665281447153627,0.06644154714095368,0.0664804276845659,0.06674905689497752,0.06659706931540252,0.06676142797703595,0.066738453110356,0.06697703826434001,0.0670530320541275,0.0671378623310996,0.06730222099273303,0.06725450396193623,0.06763447291087372,0.06769632832116587,0.06792961158283913,0.0679649575315775,0.06809573754190947,0.06796142293670365,0.06806392618804494,0.06808336645985104,0.0681752659265708,0.06816996403426005,0.06774757994683651,0.06789073103922692,0.06789603293153768,0.06781120265456558,0.06780943535712866,0.06786775617254698,0.0676415421006214,0.06779352968019639,0.06774581264939959,0.06793314617771296,0.068127548895774,0.06783594481868244,0.0676804226442336,0.06772813967503041,0.06769986291603972,0.06774581264939959,0.06807806456754029,0.06806746078291877,0.06809397024447256,0.06811517781371558,0.06813461808552168,0.06836436675232109,0.06853402730626527,0.06858174433706207,0.0687266627268894,0.06867364380378184,0.06850044865496382,0.06870368786020946,0.06888925409108591,0.06884860625003678,0.0688592100346583,0.0687549394858801,0.06873019732176323,0.0688397697628522,0.06888748679364899,0.06916495249124521,0.06949190251707514,0.06942297791703532,0.0694017703477923,0.06983475821983734,0.07001678985583996,0.070211192573901,0.07040912988683588,0.07036141285603909,0.07042326826633123,0.07014050067642426,0.06997614201479083,0.06988070795319723,0.06994609795836322,0.0699160539019356,0.07005743769688909,0.07014580256873501,0.07005743769688909,0.07017938122003646,0.07028895366112542,0.07055228097922628,0.07070957045111204,0.07083151397425942,0.07081737559476407,0.07067599179981059,0.07077849505115186,0.07105419345131116,0.07112665264622482,0.07139351455919953,0.07148364672848237,0.07175934512864167,0.07185301189279836,0.07210220083140387,0.07237259733925241,0.0724945408623998,0.07265889952403322,0.07253165410857508,0.07269954736508234,0.07279498142667595,0.07312193145250588,0.07317318307817652,0.0733234033603146,0.07350190040144337,0.07377406420672884,0.07392074989399308,0.07404799530945122,0.07419644829415238,0.07446684480200091,0.07453046750972998,0.07460115940720673,0.07493694592022127,0.07506772593055323,0.07524622297168201,0.07534342433071253,0.07576050652582532,0.07589658842846804,0.07630836873127007,0.07638966441336832,0.07659113632117705,0.07687920580339477,0.07707184122401889,0.0774253007114026,0.07762147072690057,0.07761616883458981,0.07778936398340783,0.07798023210659503,0.07814812536310231,0.07861115729157497,0.07897875515845404,0.07927566112785635,0.07944355438436361,0.07965563007679384,0.07995607064107,0.08060466880041912,0.08091394585187987,0.0812780091238851,0.08155724211891822,0.08193897836529264,0.08219523649364584,0.08248860786817432,0.08298698574538535,0.08326091684810773,0.08373455256120191,0.08411275421270248,0.08457048424886439,0.0850847678030077,0.08543645999295449,0.08596841652146699,0.08657990143464081,0.08698284525025825,0.08738578906587567,0.08787709775333905,0.08831185292282101,0.08871656403587536,0.08903644487195762,0.08956840140047011,0.09016398063671167,0.09053334580102765,0.09100521421668491,0.0913268623502041,0.09146471155028374,0.09204438510959304,0.09225292620714942,0.09265233542789302,0.09322670709489156,0.0932691222333776,0.09355188982328456,0.09372685226953952,0.0937074119977334,0.09416160743902148,0.09454687828026972,0.09467235639829094,0.09503111777798541,0.09518663995243425,0.09527323752684326,0.09558251457830401,0.09560548944498395,0.09587765325026941,0.09622404354790545,0.0962576221992069,0.09667470439431969,0.09689031468162375,0.09712713253817085,0.09745231526656385,0.09746468634862229,0.09774745393852927,0.0980461272053685,0.09838721561069379,0.09860105860056093,0.09879722861605889,0.09893331051870162,0.09907292701621818,0.09921077621629784,0.09935216001125133,0.10003963871421265,0.10015804764248619,0.10027999116563358,0.10028529305794433,0.10048853226318996,0.10052918010423909,0.1006723311966295,0.10105230014556699,0.10114596690972368,0.10115480339690827,0.10085259553519518,0.10091798554036117,0.10108411149943153,0.1013580426021539,0.1017291750639068,0.10217453401801029,0.10224522591548703,0.10218160320775796,0.1025474337772001,0.10286731461328236,0.1030899940903341,0.10322607599297683,0.10346819574183468,0.10334448492125038,0.10322961058785067,0.10307408841340183,0.10319603193654922,0.103222541398103,0.1031094343621402,0.1031465476083155,0.10317305706986928,0.1034328497930963,0.10325258545453062,0.10328793140326899,0.10325612004940445,0.10345052276746548,0.10354772412649602,0.1034717303367085,0.10356716439830212,0.10343991898284398,0.10370147900350793,0.10341517681872711,0.10371385008556636,0.1037951457676646,0.10388881253182129,0.10392769307543351,