# R script for Peak Model
#  -- generated by MACS
p <- c(0.03346643108641382,0.039168786638957544,0.044756284318997426,0.05017036913270798,0.055881733145840246,0.05603487697584537,0.0562082898421747,0.05639071116909257,0.05645827462350659,0.056233063108793176,0.05615649119379061,0.05604163332128677,0.05587047257010457,0.056197029266439026,0.05609343196967086,0.05612721369687787,0.05616549965437915,0.05591776698819439,0.05589074160642878,0.0556880512431867,0.05576912738848353,0.05565426951597969,0.05578489219451347,0.05571057239465805,0.055692555473480974,0.05547860453450323,0.055568689140388594,0.05574885835215933,0.055618235673625546,0.05568579912803957,0.05561598355847841,0.0559583050608428,0.055868220454957436,0.05578939642480774,0.05583669084289756,0.05572408508554085,0.055640756825096886,0.05555968067980006,0.05562048778877268,0.055809665461131946,0.055868220454957436,0.05582768238230902,0.055956052945695674,0.05586596833981031,0.05599659101834409,0.05633440829041421,0.056356929441885556,0.056476291544683664,0.056483047890125065,0.05662493114439452,0.05655961980512763,0.05663844383527732,0.05679609189557672,0.0569334709195519,0.05690194130749202,0.056827621507636594,0.05691770611352196,0.056951487840728975,0.05698977379823025,0.056886176501462084,0.05724876704015069,0.0572825487673577,0.05698526956793599,0.05712715282220544,0.05712715282220544,0.05722399377353221,0.05743569259736282,0.05725552338559209,0.05716543877970672,0.057244262809856415,0.05704382456176148,0.05696725264675891,0.057052833022350015,0.057104631670734096,0.057095623210145566,0.05714516974338251,0.05699653014367166,0.05717219512514812,0.05753478566383673,0.0575460462395724,0.05772171122104886,0.057732971796784535,0.05786809870561258,0.057739728142225936,0.05769243372413612,0.05767892103325331,0.05776900563913868,0.057726215451343134,0.05764964353634057,0.05757757585163228,0.057543794124425264,0.05761811392428069,0.057732971796784535,0.057793778905757154,0.05798520869326356,0.05795818331149795,0.05792890581458521,0.058277983662391,0.05835230346224643,0.058500943061957286,0.0584423880681318,0.05841085845607192,0.058575262861812714,0.05873741515240637,0.058883802636970094,0.05903919858212235,0.05895812243682552,0.05884776879461595,0.05882749975829174,0.05876669264931912,0.0589761393580026,0.05900091262462107,0.05895587032167839,0.0590684760790351,0.0588905589824115,0.05910000569109498,0.059212611448451684,0.05926666221198291,0.05958195833258169,0.05980266561700084,0.059978330598477306,0.06012697019818816,0.06016525615568944,0.060286870373634685,0.06034992959775444,0.06034992959775444,0.06049406496717103,0.06060667072452774,0.060615679185116275,0.060674234178941765,0.06066522571835323,0.06081161320291695,0.061061597984248844,0.06105934586910171,0.06132959968675781,0.061559315431765495,0.061748493104124766,0.06182731713427446,0.061926410200748364,0.06206829345501782,0.06223494997590574,0.06217189075178599,0.06225296689708282,0.06205252864898788,0.06221017670928727,0.06216063017605032,0.06221017670928727,0.06224170632134715,0.062284496509142695,0.06224170632134715,0.062379085345322334,0.06260204474488862,0.06267636454474404,0.06297364374416575,0.06299391278048996,0.06304345931372692,0.06323488910123332,0.0633519990888843,0.06324840179211612,0.06346235273109387,0.0634240667735926,0.0636290092519818,0.06361324444595186,0.06375062346992705,0.06386773345757803,0.06391502787566784,0.06375062346992705,0.06373936289419137,0.0640704238208201,0.06436319878994753,0.0643474339839176,0.06420329861450101,0.06438121571112461,0.06473704990437182,0.06485866412231706,0.06495550507364382,0.06511540524909036,0.06530007869115535,0.0652370194670356,0.0648811852737884,0.06509288409761901,0.06506585871585341,0.06502081641291071,0.0650861277521776,0.06516945601262157,0.065243775812477,0.0651311700551203,0.06530007869115535,0.06532710407292097,0.06561537481175414,0.0655005169392503,0.06564014807837261,0.06579779613867201,0.06549826482410316,0.06540142387277639,0.06537439849101079,0.0655725846239586,0.0655725846239586,0.06574149325999365,0.06565140865410829,0.06556808039366432,0.06582482152043762,0.06595093996867714,0.06597120900500134,0.06595319208382426,0.06587211593852743,0.06624371493780458,0.0662054289803033,0.0662121853257447,0.06620092475000902,0.06625047128324597,0.06617164725309628,0.06602075553823829,0.06608381476235804,0.06623921070751031,0.06650721241001928,0.06632028685280714,0.0663968587678097,0.06636758127089695,0.06651622087060781,0.0666603562400244,0.06673467603987983,0.06661531393708171,0.06659279278561037,0.06653198567663775,0.06651622087060781,0.06646217010707658,0.06635406858001415,0.06671665911870275,0.06662432239767024,0.06677070988223398,0.066872055063855,0.06723014137224934,0.06742157115975575,0.06752066422622965,0.06764453055932203,0.06769858132285325,0.06779767438932716,0.06755444595343667,0.06770308555314752,0.06755895018373093,0.0673134696326933,0.06713104830577545,0.06714681311180538,0.06720311599048373,0.06711303138459837,0.06728419213578056,0.0676490347896163,0.067576967104908,0.06779317015903288,0.06799135629198069,0.06820981146125271,0.06859942738170692,0.06868050352700375,0.06887643754480442,0.06920299424113888,0.06903858983539808,0.06919623789569748,0.06951603824659053,0.06963540034938864,0.06998673031234157,0.07025022778455627,0.07024797566940913,0.07045967449323974,0.07055426332941939,0.07063759158986335,0.07109702307987872,0.0710564850072303,0.07109702307987872,0.07111729211620292,0.07108351038899591,0.07137178112782909,0.0715902362971011,0.07182896050269733,0.07196859164181964,0.07188301126622855,0.07213975239300184,0.07228163564727129,0.07250459504683758,0.07279286578567075,0.07304735479729692,0.07314869997891794,0.07343021437230972,0.073468500329811,0.07396846989247478,0.07448195214602138,0.07463059174573224,0.07485805537559279,0.07509002323574761,0.07540757147149353,0.07571160701635664,0.07609446659136945,0.07629715695461152,0.07656515865712049,0.0765719150025619,0.07674082363859695,0.07672055460227276,0.07700882534110592,0.077396189146413,0.07765743450348056,0.07823848021144118,0.07846143961100746,0.07900194724631966,0.07983297773561218,0.08033745152857023,0.08099281703638628,0.08171799811376348,0.08242291015481648,0.08301972066880703,0.08352644657691222,0.08397236537604479,0.08450611666591559,0.08511418775564181,0.0853641725369737,0.08583936883301901,0.08641591031068536,0.08699245178835172,0.08733927752101038,0.08753070730851678,0.08783699496852702,0.08779870901102575,0.08799464302882642,0.0881770643557443,0.0886319916154654,0.08879414390605905,0.08907565829945083,0.08912520483268778,0.08941122345637381,0.08964319131652863,0.09032107797581602,0.09083230811421548,0.09116111692569707,0.0914268665130589,0.09141785805247037,0.09187728954248574,0.0920529545239622,0.0925078817836833,0.09285470751634196,0.09323981920650191,0.09324657555194331,0.09351908148474655,0.09383662972049246,0.09431407813168491,0.09472171097331619,0.09474423212478754,0.09494467037288248,0.09503925920906212,0.0952689749540698,0.09557075838378579,0.09580723047423487,0.09605496314041963,0.09644007483057956,0.09628918311572159,0.09643782271543244,0.09678464844809109,0.09729813070163769,0.09751208164061544,0.09772378046444605,0.09818321195446142,0.09847598692358886,0.09879353515933478,0.09894217475904564,0.09941511893994381,0.09976870101804387,0.09982049966642796,0.09987455042995919,0.1002776790412962,0.10056820189527652,0.10044208344703699,0.1003902847986529,0.10056369766498224,0.10050289055600962,0.10068305976778036,0.10080692610087273,0.10111096164573585,0.10109970107000017,0.10126860970603524,0.10121681105765115,0.10155913256001554,0.10220548960724306,0.10238565881901379,0.10239691939474946,0.10219197691636026,0.10233160805548257,0.102439709582545,0.10240817997048512,0.10229106998283416,0.102439709582545,0.10245547438857495,0.10209063173473922,0.10201405981973664,0.10209738808018061,0.10234962497665964,0.10235638132210105,0.10225503614048001,0.10225728825562715,0.10247574342489915,