# R script for Peak Model
#  -- generated by MACS
p <- c(0.03516451347725447,0.04101053232610032,0.046900026773722917,0.05267068791802241,0.058584818538285156,0.05859641203129229,0.058552936432515544,0.05871814370786716,0.05878045873278049,0.0587456782537591,0.05875292418688856,0.05862249739055833,0.05858771691153694,0.058857265623952736,0.0588471213175715,0.05878045873278049,0.0588471213175715,0.05863119251031368,0.05865582868295383,0.058823934331557234,0.05882828189143491,0.05910072897710249,0.059210867160670234,0.0590485582585704,0.05901667615280079,0.059041312325440944,0.05898769242028296,0.059170289935145275,0.05925434275944698,0.059176086681648844,0.05910072897710249,0.059074643617836445,0.059035515578937374,0.059035515578937374,0.05902971883243381,0.059076092804462334,0.05896740380752048,0.05886596074370808,0.05875437337351445,0.058992039980160636,0.05919202773453364,0.05914420457587923,0.059068846871332875,0.05917898505490062,0.05920217204091489,0.0593514382633817,0.05939636304878433,0.05950505204572618,0.059516645538733315,0.05941665166154681,0.059326802090741544,0.059413753288295026,0.05954562927125114,0.059578960563646644,0.059691997120466175,0.05950939960560386,0.05969779386696974,0.05955432439100649,0.05968475118733672,0.05968330200071083,0.059829669849925854,0.05995864745963019,0.05989343406146508,0.060041251097306,0.0599731393258891,0.06020355999940583,0.06023978966505312,0.06037601320788691,0.06023254373192366,0.06015138928087374,0.06021805186566475,0.06005284459031313,0.06027312095744862,0.06030645224984412,0.06034268191549141,0.06032094411610304,0.060222399425542424,0.060207907559283506,0.06035862296837621,0.06061078144128131,0.0606122306279072,0.06079627732939541,0.06082960862179091,0.06068179158594999,0.060718021251597275,0.06086873666068998,0.060926704125725636,0.061062927668559426,0.06113538699985399,0.061186108531760194,0.061226685757285154,0.06124262681016996,0.061246974370047634,0.06139913896576623,0.06159188078700978,0.061513624709211644,0.06160347428001691,0.06169767141069985,0.06175129131585783,0.06163100882590885,0.06169332385082218,0.061551303561484826,0.061720858396714116,0.06181215715414527,0.062015043281770064,0.06222082778264664,0.06239907773763128,0.06242516309689733,0.06256863257286058,0.06277006951385948,0.06287441095092365,0.06304831334603063,0.06299759181412443,0.06318163851561263,0.06286136827129063,0.06284687640503173,0.06279615487312552,0.06297440482811016,0.06304106741290116,0.06319323200861976,0.06327728483292146,0.06348306933379803,0.06367436196841571,0.06360625019699881,0.06402071757200374,0.06410187202305366,0.0642801219780383,0.06436127642908822,0.06446127030627473,0.06449605078529612,0.06444677844001581,0.06454677231720232,0.0646337235147558,0.06471053040592804,0.06480762590986276,0.06482791452262525,0.06486124581502074,0.06506558112927144,0.06520180467210522,0.06520325385873112,0.0654568615182621,0.06559163587447,0.06564090821975031,0.06573510535043325,0.06606551990113649,0.066298838947905,0.0665857778998315,0.06651331856853693,0.06657563359345026,0.06682344450647769,0.0669553204894338,0.06703212738060604,0.06713646881767023,0.06733645657204324,0.0670900948456417,0.06711328183165596,0.06722052164197193,0.06743065370272618,0.06762049715071794,0.06767411705587592,0.06777121255981065,0.0679465641415435,0.06796250519442831,0.06796540356768009,0.06836537907642612,0.06867695420099276,0.06874796434566144,0.06888128951524346,0.0688378139164667,0.06894360454015679,0.06899722444531477,0.06903055573771026,0.06922764511883149,0.06922184837232792,0.06903345411096205,0.06895809640641569,0.06874651515903556,0.06878419401130872,0.06886969602223632,0.068940706166905,0.06891896836751663,0.06886100090248097,0.0687711513316757,0.06898418176568175,0.06913634636140033,0.069194313826436,0.06938560646105366,0.06937980971455009,0.06918706789330653,0.06924648454496808,0.06931314712975908,0.06955516129628295,0.06960443364156325,0.06953632187014636,0.06942183612670094,0.06956675478929007,0.06955805966953472,0.0696986307722462,0.07000585833693516,0.07008846197461098,0.06991455957950402,0.07006962254847439,0.07030583996849468,0.07054785413501855,0.07064639882557916,0.07075074026264334,0.07096666906990115,0.07124781127532408,0.07129128687410083,0.07142171367043106,0.07169416075609863,0.07158981931903445,0.0715130124278622,0.07137099213852485,0.07149996974822918,0.0714449006564453,0.07160865874517104,0.07124926046194997,0.07129128687410083,0.0713782380716543,0.07153330104062469,0.07148982544184794,0.07147968113546671,0.07158981931903445,0.07161010793179692,0.07162749817130763,0.07141446773730159,0.07149417300172561,0.07165068515732188,0.07152170754761755,0.07142606123030873,0.07135939864551773,0.07145504496282655,0.07157097989289786,0.07161735386492639,0.07162604898468174,0.07182458755242886,0.07199848994753583,0.07203471961318311,0.07184922372506901,0.07204051635968667,0.07209268707821877,0.07227238621982929,0.07222456306117488,0.07219557932865706,0.0722202155012972,0.07229847157909534,0.07231586181860604,0.07235933741738278,0.07256512191825935,0.07241440650916665,0.07271873570060385,0.07267960766170477,0.0729288677613581,0.07302741245191871,0.07322595101966582,0.07332884327010411,0.07346651599956379,0.07356216231687263,0.07383895696241788,0.07409836136845244,0.07421574548514964,0.07446065802492528,0.07453311735621986,0.07483454817440527,0.07481860712152046,0.07490845669232572,0.07514032655246834,0.07524032042965485,0.07529394033481283,0.07564464349827854,0.0758228934532632,0.07608519623254953,0.07620692790912441,0.07618808848298782,0.0766445822701436,0.07675761882696314,0.07687645213028622,0.07703006591263072,0.07716484026883862,0.07724019797338497,0.07745612678064277,0.07759090113685067,0.07797493559271189,0.07824303511850181,0.07852997407042829,0.07879082766308874,0.07904008776274206,0.07926181331650345,0.07956324413468885,0.07993568509754294,0.08030377850051935,0.08049507113513701,0.08030667687377113,0.08059361582569763,0.08081968893933669,0.08111677219764442,0.08143414406871463,0.08187034924310795,0.08222539996645133,0.08247900762598233,0.08253697509101798,0.08304998715658353,0.08382530200143543,0.08432961894724562,0.08469626316359614,0.0851730455635144,0.0855266471002319,0.08611356768371792,0.08656716309762193,0.08670628501370749,0.08711785401546064,0.0876134758415155,0.08789606723356432,0.08816561594598012,0.08849168293680568,0.08880760562125001,0.08908295108016936,0.08925685347527633,0.08941771319075027,0.08991188583017924,0.09050460316016881,0.09052054421305362,0.09090168029566306,0.09128716393815016,0.09153787322442937,0.09177119227119789,0.09213348892767073,0.09232333237566251,0.09273055381753799,0.0931493687524206,0.09312763095303223,0.09345224875723189,0.09381889297358241,0.09409713680575356,0.09443479728958626,0.09458116513880128,0.09490143538312328,0.09497534390104374,0.09529996170524341,0.0954361852480772,0.09598252860603826,0.09614773588138988,0.09628540861084955,0.09642163215368334,0.09658683942903497,0.09696072957851494,0.09709695312134872,0.09756504040151165,0.09783458911392745,0.09816355447800479,0.09836209304575191,0.09887365592469156,0.09891278396359064,0.09924754607417155,0.09943449114891154,0.09968520043519075,0.09990257842907445,0.10010111699682157,0.10023299297977768,0.10035472465635256,0.10021850111351878,0.10029240963143923,0.10055471241072557,0.10059239126299875,0.10059094207637286,0.10063876523502728,0.10076774284473161,0.10094454361309035,0.10088512696142882,0.1009039663875654,0.10101555375775903,0.10094309442646447,0.10098077327873764,0.10113293787445624,0.10151697233031745,0.10164884831327357,0.10174739300383419,0.10178797022935915,0.10205172219527138,0.10221113272411943,0.1023009822949247,0.10242995990462903,0.10285167321276342,0.10273863665594389,0.10262849847237615,0.10267922000428234,0.10272849234956265,0.10267922000428234,0.10260965904623956,0.1026864659374118,0.10286761426564822,0.10264154115200917,0.10216330956546502,0.1022662018159033,0.10211693559343649,0.10196332181109201,