# R script for Peak Model
#  -- generated by MACS
p <- c(0.03428616319020339,0.039922457802276955,0.04561900246020373,0.05143410365997066,0.057150083816559755,0.05740080174930372,0.0573211162047882,0.05728418875732978,0.05735026945278168,0.0573755356010427,0.05747271309435431,0.057394971099705025,0.057361930751979075,0.05732500330452066,0.057379422700775166,0.05722199516161035,0.05740663239890242,0.05742412434769851,0.05751352764154519,0.05744355984636083,0.05735026945278168,0.05749409214288287,0.057480487293819243,0.057525188940742586,0.05751547119141142,0.0576165357844555,0.05738525335037386,0.057604874485258105,0.05744550339622706,0.05737359205117647,0.057464938894889385,0.057583495436729554,0.05766706808097754,0.05756600348793346,0.05743967274662836,0.05741440659836734,0.05752130184101012,0.05713647896749613,0.057198672563215563,0.05734249525331675,0.05734249525331675,0.05717923706455324,0.057334721053851824,0.05718701126401817,0.057389140450106325,0.05741440659836734,0.05746105179515692,0.05768844712950609,0.05748243084368548,0.057544624439404904,0.05754851153913737,0.05769233422923856,0.05752324539087635,0.0575562857386023,0.057459108245290685,0.057301680706125874,0.05729779360639341,0.057243374210138906,0.05739691464957125,0.057486317943417936,0.05742023724796604,0.057480487293819243,0.057583495436729554,0.057698164878837256,0.057871140816931926,0.0581587861971343,0.05822681044245243,0.05820737494379011,0.058248189490980984,0.058102423251013564,0.05806743935342139,0.05794499571184875,0.05792167311345397,0.05804800385475906,0.05802079415663181,0.05784587466867091,0.05780700367134626,0.05792556021318643,0.05801885060676558,0.05805383450435776,0.057962487660644844,0.058032455455829204,0.05818016524566286,0.058129632949140815,0.05796054411077861,0.05813352004887328,0.0583453669842926,0.05843671382800551,0.05837646378215232,0.05860774621623396,0.058833198000716895,0.05904310138626998,0.05898090779055055,0.059157770828377684,0.059412375860854114,0.059406545211255414,0.059299649968612644,0.05930548061821134,0.05942015006031904,0.0594473597584463,0.05972334383945128,0.05975055353757853,0.059878827828749856,0.059921585925806965,0.06017424740841716,0.06022866680467166,0.06039386854330141,0.06056878803126231,0.06072038492082843,0.06085448986159846,0.06075342526855437,0.06069317522270118,0.06068345747337001,0.060700949422166105,0.06051631218487404,0.060743707519223214,0.060706780071764804,0.06075925591815307,0.06095944155437499,0.06111492554367358,0.061210159487118956,0.06128207083216955,0.0614297806220032,0.0614297806220032,0.06152112746571612,0.06153667586464598,0.06154639361397714,0.06164162755742252,0.06156388556277323,0.06139674027427726,0.061501691967053795,0.06158137751156932,0.06173491795100167,0.061929272937624895,0.06221303121809481,0.0622246925172922,0.06226356351461684,0.0622907732127441,0.06241321685431673,0.06267753963612432,0.06285828977368392,0.06316537065254861,0.06322173359866935,0.06347828218101201,0.0635501935260626,0.06358906452338725,0.06379313725934165,0.06395639544810515,0.0641468633349959,0.06409050038887518,0.06409633103847387,0.06416824238352446,0.06425375857763868,0.0642420972784413,0.06429262957496333,0.0645258555589112,0.06476296864259154,0.0647726863919227,0.06495538007934853,0.06495149297961607,0.0652002673624938,0.06528772710647425,0.06536352555125731,0.0654412675459066,0.06558120313627533,0.06573280002584143,0.06575223552450377,0.06597185665938801,0.06577750167276478,0.06602627605564251,0.06619342134413848,0.06623423589132936,0.06632169563530982,0.0661040180502918,0.06594270341139452,0.06613705839801776,0.06626727623905532,0.06637222793183185,0.06656075226885638,0.06658796196698363,0.06612539709882036,0.06611956644922166,0.06613122774841905,0.06664043781337191,0.06688143799678471,0.06679397825280425,0.06676482500481078,0.0668211879509315,0.06686588959785485,0.06672595400748613,0.06716713982712084,0.06747227715611932,0.06769189829100357,0.06754224495130368,0.06764330954434776,0.06756362399983223,0.06765497084354515,0.06764719664408023,0.0676938418408698,0.06808838246371494,0.06810587441251104,0.067862930679232,0.06761415629635427,0.06791151942588781,0.06798731787067086,0.06840712464177703,0.06851207633455358,0.06861897157719635,0.0686695038737184,0.06864812482518984,0.06869865712171187,0.06895131860432208,0.06911068969335311,0.06903100414883759,0.06920203653706604,0.06913595584161414,0.06919231878773487,0.06925839948318677,0.0695130045156632,0.06952660936472682,0.06946635931887363,0.0692000929871998,0.0694041657231542,0.06964322235670076,0.06939639152368926,0.0693322543781036,0.06944886737007754,0.06935752052636461,0.06928755273118026,0.06942165767195028,0.06947607706820479,0.06993086773690313,0.06994252903610053,0.0699172628878395,0.06998528713315763,0.07020296471817565,0.07002221458061605,0.07009606947553287,0.07002998878008097,0.07026904541362755,0.07032929545948075,0.07027876316295871,0.07043813425198975,0.07035844870747424,0.07043036005252483,0.07020490826804188,0.07044785200132092,0.07071994898259343,0.07084822327376476,0.07079574742737649,0.07083461842470114,0.0709531749665413,0.0711572477024957,0.07123887679687745,0.071369094637915,0.0715498447754746,0.07152263507734735,0.07147793343042401,0.07174614331196406,0.07161009482132781,0.07171504651410435,0.07181222400741596,0.07182194175674712,0.07214262748467545,0.07230005502384027,0.07223203077852214,0.07258186975444395,0.07274318439334122,0.07284230543651907,0.0730016765255501,0.0731338379164539,0.07316299116444738,0.07343897524545237,0.07365082218087168,0.07376549162297939,0.07417363709488817,0.07427664523779848,0.07461482291452289,0.07476253270435654,0.07508127488241863,0.0756390736940273,0.07602584011740751,0.07613467890991653,0.07634263874560338,0.07666721157326416,0.07695680050333277,0.07724444588353514,0.07738049437417141,0.07750488156561026,0.07782362374367235,0.07788776088925803,0.0782298256657149,0.07834449510782261,0.07847471294886017,0.07881483417545082,0.07919188284949988,0.07931043939134004,0.07970498001418519,0.08015394003328484,0.08058540810358841,0.08110822301760488,0.08135311030075015,0.08185454616623808,0.08232877233359875,0.0828379823985516,0.08312174067902152,0.0838797251268521,0.08427232219983101,0.0849525646530123,0.08528491168013802,0.08569305715204681,0.08605844452689847,0.08669398533315642,0.08718959054904564,0.08764049411801153,0.08817885743095787,0.08829935752266427,0.08840430921544082,0.08839459146610965,0.0887833014393561,0.08896016447718325,0.08919922111072981,0.08952379393839059,0.08961125368237105,0.08987168936444617,0.09017682669344464,0.09066465770986894,0.09124966621960484,0.09175693273469147,0.09221949760285475,0.09260432047636874,0.0929930304496152,0.09314657088904754,0.09360719220734459,0.09371408744998735,0.09387734563875087,0.09424856366320124,0.09452843484393868,0.09480441892494366,0.09484523347213454,0.09498322551263703,0.09542829843200422,0.09562265341862744,0.09596083109535186,0.0962523635752867,0.09663135579920198,0.0969695334759264,0.0973252031014469,0.09743987254355461,0.09777416312054656,0.09798406650609964,0.09809290529860866,0.09844663137426292,0.09855158306703947,0.09880813164938212,0.09900831728560405,0.09882562359817822,0.09883534134750938,0.09910549477891567,0.09909772057945074,0.09936204336125833,0.09942229340711152,0.0994864305526972,0.09985376147741508,0.09976630173343463,0.09958749514574126,0.09985570502728132,0.1000170196661786,0.10011614070935644,0.10052039908153275,0.10087606870705326,0.10135223842428016,0.10143969816826061,0.1012764399794971,0.10176232744605516,0.1022579326619444,0.10240758600164428,0.10257667484000649,0.1027282717295726,0.10276131207729855,0.10304895745750092,0.10294983641432308,0.10325108664358909,0.1034143448323526,0.1035231836248616,0.10341823193208506,0.10335020768676693,0.10346099002914216,0.10349986102646681,0.10356594172191871,0.10315196560041123,0.10319472369746835,0.10317334464893979,0.10322776404519429,0.10302174775937367,0.10311892525268529,0.10325691729318778,